0 0.217548 0.265625 0.050481 0.050481
0 0.308894 0.246394 0.055288 0.055288
0 0.408654 0.245192 0.057692 0.057692
0 0.519231 0.247596 0.057692 0.057692
0 0.647837 0.270433 0.060096 0.060096
0 0.735577 0.300481 0.052885 0.052885
0 0.187500 0.346154 0.062500 0.062500
0 0.264423 0.348558 0.067308 0.067308
0 0.367788 0.358173 0.062500 0.062500
0 0.496394 0.344952 0.060096 0.060096
0 0.657452 0.364183 0.074519 0.074519
0 0.762019 0.401442 0.057692 0.057692
0 0.169471 0.445913 0.064904 0.064904
0 0.254808 0.463942 0.067308 0.067308
0 0.353365 0.483173 0.072115 0.072115
0 0.530048 0.515625 0.079327 0.079327
0 0.667067 0.496394 0.079327 0.079327
0 0.759615 0.495192 0.067308 0.067308
0 0.165865 0.548077 0.067308 0.067308
0 0.223558 0.598558 0.072115 0.072115
0 0.356971 0.597356 0.069712 0.069712
0 0.507212 0.639423 0.076923 0.076923
0 0.618990 0.635817 0.069712 0.069712
0 0.745192 0.610577 0.067308 0.067308
