0 0.217548 0.258413 0.069712 0.069712
0 0.299279 0.234375 0.060096 0.060096
0 0.596154 0.394231 0.062500 0.062500
0 0.780048 0.323317 0.060096 0.060096
0 0.764423 0.401442 0.057692 0.057692
0 0.769231 0.487981 0.072115 0.072115
0 0.756010 0.611779 0.064904 0.064904
0 0.180288 0.343750 0.057692 0.057692
0 0.259615 0.343750 0.062500 0.062500
0 0.167067 0.450721 0.074519 0.074519
0 0.347356 0.493990 0.084135 0.084135
0 0.159856 0.554087 0.064904 0.064904
0 0.221154 0.603365 0.062500 0.062500
0 0.359375 0.616587 0.084135 0.084135
0 0.515625 0.645433 0.079327 0.079327
0 0.626202 0.638221 0.074519 0.074519
