0 0.183894 0.336538 0.060096 0.057692
0 0.138221 0.480769 0.064904 0.072115
0 0.218750 0.576923 0.057692 0.062500
0 0.426683 0.587740 0.079327 0.074519
0 0.599760 0.641827 0.074519 0.081731
0 0.617788 0.532452 0.076923 0.069712
0 0.747596 0.608173 0.076923 0.076923
0 0.736779 0.449519 0.069712 0.072115
0 0.329327 0.475962 0.081731 0.072115
0 0.222356 0.421875 0.064904 0.064904
0 0.539663 0.418269 0.074519 0.081731
0 0.641827 0.354567 0.067308 0.069712
0 0.731971 0.368990 0.069712 0.069712
0 0.710337 0.282452 0.069712 0.055288
0 0.633413 0.234375 0.060096 0.055288
0 0.572115 0.252404 0.062500 0.067308
0 0.472356 0.324519 0.064904 0.062500
0 0.365385 0.361779 0.076923 0.069712
0 0.287260 0.319712 0.069712 0.067308
0 0.222356 0.252404 0.055288 0.052885
0 0.292067 0.212740 0.060096 0.050481
0 0.349760 0.236779 0.060096 0.060096
0 0.450721 0.222356 0.064904 0.060096
