0 0.746394 0.606971 0.074519 0.079327
0 0.603365 0.638221 0.081731 0.084135
0 0.401442 0.593750 0.072115 0.081731
0 0.616587 0.533654 0.084135 0.072115
0 0.730769 0.453125 0.067308 0.074519
0 0.731971 0.367788 0.069712 0.062500
0 0.713942 0.280048 0.062500 0.064904
0 0.631010 0.241587 0.064904 0.060096
0 0.566106 0.258413 0.069712 0.069712
0 0.646635 0.353365 0.067308 0.072115
0 0.584135 0.417067 0.076923 0.069712
0 0.460337 0.486779 0.074519 0.074519
0 0.330529 0.481971 0.069712 0.074519
0 0.229567 0.576923 0.079327 0.081731
0 0.141827 0.481971 0.067308 0.069712
0 0.228365 0.421875 0.072115 0.069712
0 0.191106 0.340144 0.060096 0.060096
0 0.360577 0.358173 0.072115 0.072115
0 0.469952 0.326923 0.074519 0.072115
0 0.450721 0.228365 0.074519 0.067308
0 0.353365 0.237981 0.062500 0.057692
0 0.282452 0.314904 0.064904 0.057692
0 0.221154 0.248798 0.057692 0.055288
0 0.290865 0.207933 0.057692 0.045673
