0 0.225962 0.579327 0.076923 0.072115
0 0.400240 0.588942 0.079327 0.081731
0 0.593750 0.638221 0.096154 0.088942
0 0.740385 0.605769 0.076923 0.081731
0 0.614183 0.530048 0.079327 0.069712
0 0.727163 0.451923 0.079327 0.072115
0 0.725962 0.372596 0.072115 0.057692
0 0.707933 0.278846 0.069712 0.067308
0 0.632212 0.237981 0.067308 0.057692
0 0.641827 0.349760 0.076923 0.074519
0 0.582933 0.413462 0.069712 0.072115
0 0.459135 0.483173 0.072115 0.076923
0 0.331731 0.477163 0.076923 0.079327
0 0.138221 0.481971 0.060096 0.064904
0 0.228365 0.425481 0.072115 0.072115
0 0.360577 0.355769 0.067308 0.067308
0 0.471154 0.326923 0.076923 0.076923
0 0.568510 0.259615 0.064904 0.062500
0 0.449519 0.222356 0.062500 0.060096
0 0.352163 0.233173 0.060096 0.052885
0 0.295673 0.211538 0.048077 0.048077
0 0.287260 0.314904 0.060096 0.057692
0 0.188702 0.337740 0.060096 0.055288
0 0.222356 0.248798 0.050481 0.050481
