0 0.221154 0.581731 0.067308 0.067308
0 0.397837 0.591346 0.069712 0.081731
0 0.602163 0.640625 0.079327 0.074519
0 0.746394 0.608173 0.069712 0.076923
0 0.612981 0.525240 0.081731 0.084135
0 0.730769 0.453125 0.062500 0.074519
0 0.728365 0.367788 0.072115 0.062500
0 0.713942 0.282452 0.062500 0.055288
0 0.633413 0.237981 0.060096 0.062500
0 0.563702 0.259615 0.069712 0.072115
0 0.645433 0.350962 0.074519 0.067308
0 0.585337 0.412260 0.069712 0.069712
0 0.457933 0.483173 0.079327 0.072115
0 0.331731 0.479567 0.081731 0.084135
0 0.143029 0.480769 0.074519 0.072115
0 0.222356 0.424279 0.069712 0.069712
0 0.188702 0.341346 0.064904 0.062500
0 0.360577 0.358173 0.067308 0.076923
0 0.471154 0.331731 0.067308 0.076923
0 0.284856 0.319712 0.069712 0.067308
0 0.447115 0.218750 0.067308 0.057692
0 0.352163 0.237981 0.060096 0.052885
0 0.295673 0.210337 0.048077 0.055288
0 0.217548 0.246394 0.050481 0.050481
