0 0.138221 0.480769 0.050481 0.067308
0 0.224760 0.581731 0.069712 0.076923
0 0.401442 0.590144 0.072115 0.079327
0 0.603365 0.637019 0.081731 0.081731
0 0.746394 0.606971 0.074519 0.079327
0 0.616587 0.527644 0.079327 0.084135
0 0.730769 0.453125 0.067308 0.074519
0 0.462740 0.484375 0.079327 0.074519
0 0.328125 0.473558 0.079327 0.072115
0 0.230769 0.423077 0.067308 0.067308
0 0.192308 0.341346 0.062500 0.062500
0 0.359375 0.356971 0.064904 0.064904
0 0.579327 0.418269 0.081731 0.072115
0 0.640625 0.348558 0.064904 0.067308
0 0.730769 0.365385 0.062500 0.062500
0 0.710337 0.277644 0.060096 0.060096
0 0.471154 0.323317 0.067308 0.069712
0 0.566106 0.258413 0.060096 0.060096
0 0.633413 0.243990 0.060096 0.060096
0 0.284856 0.314904 0.064904 0.067308
0 0.219952 0.250000 0.060096 0.048077
0 0.295673 0.210337 0.057692 0.050481
0 0.350962 0.233173 0.067308 0.062500
0 0.453125 0.217548 0.074519 0.055288
