0 0.400240 0.592548 0.064904 0.074519
0 0.600962 0.639423 0.081731 0.076923
0 0.741587 0.604567 0.079327 0.074519
0 0.612981 0.527644 0.076923 0.074519
0 0.461538 0.484375 0.072115 0.084135
0 0.326923 0.473558 0.076923 0.067308
0 0.224760 0.578125 0.069712 0.088942
0 0.724760 0.456731 0.088942 0.072115
0 0.141827 0.486779 0.062500 0.074519
0 0.225962 0.421875 0.062500 0.064904
0 0.584135 0.418269 0.076923 0.072115
0 0.643029 0.349760 0.064904 0.064904
0 0.729567 0.365385 0.055288 0.057692
0 0.709135 0.281250 0.048077 0.062500
0 0.635817 0.239183 0.064904 0.055288
0 0.568510 0.253606 0.064904 0.064904
0 0.473558 0.322115 0.062500 0.067308
0 0.362981 0.354567 0.062500 0.069712
0 0.286058 0.319712 0.067308 0.067308
0 0.188702 0.340144 0.055288 0.060096
0 0.221154 0.251202 0.052885 0.050481
0 0.290865 0.206731 0.057692 0.048077
0 0.348558 0.237981 0.057692 0.062500
0 0.449519 0.227163 0.057692 0.060096
