0 0.222356 0.581731 0.069712 0.072115
0 0.401442 0.591346 0.081731 0.076923
0 0.605769 0.639423 0.072115 0.076923
0 0.757212 0.609375 0.072115 0.079327
0 0.617788 0.527644 0.072115 0.079327
0 0.457933 0.486779 0.064904 0.074519
0 0.326923 0.479567 0.076923 0.079327
0 0.138221 0.479567 0.050481 0.079327
0 0.225962 0.424279 0.072115 0.064904
0 0.585337 0.415865 0.069712 0.076923
0 0.733173 0.448317 0.072115 0.069712
0 0.729567 0.364183 0.064904 0.055288
0 0.647837 0.353365 0.064904 0.072115
0 0.459135 0.313702 0.067308 0.064904
0 0.287260 0.313702 0.069712 0.060096
0 0.183894 0.340144 0.055288 0.060096
0 0.219952 0.247596 0.050481 0.052885
0 0.292067 0.209135 0.045673 0.043269
0 0.352163 0.231971 0.064904 0.060096
0 0.569712 0.252404 0.057692 0.062500
0 0.632212 0.233173 0.052885 0.052885
0 0.711538 0.277644 0.067308 0.064904
