0 0.216346 0.581731 0.057692 0.076923
0 0.399038 0.592548 0.076923 0.074519
0 0.605769 0.646635 0.072115 0.072115
0 0.750000 0.608173 0.057692 0.076923
0 0.622596 0.528846 0.072115 0.081731
0 0.457933 0.485577 0.074519 0.076923
0 0.328125 0.478365 0.074519 0.072115
0 0.139423 0.487981 0.062500 0.072115
0 0.229567 0.427885 0.069712 0.062500
0 0.189904 0.340144 0.062500 0.064904
0 0.282452 0.317308 0.064904 0.062500
0 0.460337 0.313702 0.069712 0.064904
0 0.580529 0.414663 0.074519 0.064904
0 0.731971 0.450721 0.069712 0.064904
0 0.727163 0.367788 0.055288 0.057692
0 0.646635 0.350962 0.062500 0.062500
0 0.711538 0.274038 0.057692 0.057692
0 0.632212 0.236779 0.057692 0.055288
0 0.570913 0.254808 0.064904 0.062500
0 0.350962 0.231971 0.052885 0.045673
0 0.295673 0.209135 0.048077 0.043269
0 0.224760 0.252404 0.060096 0.052885
