0 0.216346 0.578125 0.057692 0.064904
0 0.397837 0.593750 0.069712 0.076923
0 0.606971 0.650240 0.069712 0.074519
0 0.750000 0.606971 0.057692 0.079327
0 0.618990 0.531250 0.064904 0.072115
0 0.733173 0.447115 0.062500 0.067308
0 0.457933 0.483173 0.069712 0.076923
0 0.585337 0.415865 0.074519 0.076923
0 0.645433 0.347356 0.069712 0.069712
0 0.737981 0.367788 0.072115 0.057692
0 0.711538 0.278846 0.062500 0.062500
0 0.141827 0.485577 0.067308 0.067308
0 0.227163 0.426683 0.069712 0.069712
0 0.457933 0.316106 0.069712 0.069712
0 0.283654 0.312500 0.067308 0.062500
0 0.188702 0.340144 0.055288 0.060096
0 0.349760 0.233173 0.055288 0.057692
0 0.290865 0.206731 0.052885 0.048077
0 0.219952 0.251202 0.055288 0.050481
0 0.567308 0.254808 0.062500 0.062500
0 0.635817 0.241587 0.060096 0.060096
