0 0.399038 0.592548 0.067308 0.074519
0 0.605769 0.644231 0.081731 0.072115
0 0.751202 0.609375 0.074519 0.079327
0 0.617788 0.532452 0.067308 0.084135
0 0.735577 0.453125 0.062500 0.064904
0 0.727163 0.368990 0.055288 0.060096
0 0.712740 0.276442 0.055288 0.052885
0 0.633413 0.236779 0.055288 0.060096
0 0.568510 0.252404 0.064904 0.067308
0 0.587740 0.413462 0.069712 0.072115
0 0.650240 0.353365 0.064904 0.062500
0 0.457933 0.483173 0.079327 0.072115
0 0.461538 0.322115 0.067308 0.072115
0 0.352163 0.235577 0.055288 0.057692
0 0.294471 0.212740 0.045673 0.055288
0 0.221154 0.250000 0.057692 0.052885
0 0.277644 0.316106 0.055288 0.060096
0 0.187500 0.342548 0.057692 0.064904
0 0.218750 0.421875 0.062500 0.064904
0 0.217548 0.579327 0.064904 0.072115
0 0.134615 0.484375 0.057692 0.069712
