0 0.215144 0.263221 0.055288 0.055288
0 0.289663 0.234375 0.055288 0.055288
0 0.185096 0.338942 0.057692 0.057692
0 0.259615 0.346154 0.062500 0.062500
0 0.164663 0.450721 0.069712 0.069712
0 0.155048 0.546875 0.060096 0.060096
0 0.216346 0.598558 0.062500 0.062500
0 0.405048 0.460337 0.055288 0.055288
0 0.599760 0.366587 0.045673 0.045673
0 0.614183 0.477163 0.050481 0.050481
0 0.520433 0.643029 0.084135 0.084135
0 0.634615 0.634615 0.072115 0.072115
0 0.763221 0.611779 0.074519 0.074519
0 0.765625 0.489183 0.064904 0.064904
0 0.768029 0.405048 0.064904 0.064904
0 0.780048 0.320913 0.064904 0.064904
