0 0.215144 0.580529 0.069712 0.074519
0 0.402644 0.594952 0.079327 0.074519
0 0.608173 0.645433 0.081731 0.084135
0 0.752404 0.610577 0.062500 0.072115
0 0.617788 0.528846 0.067308 0.076923
0 0.137019 0.483173 0.048077 0.057692
0 0.223558 0.423077 0.062500 0.062500
0 0.459135 0.485577 0.076923 0.076923
0 0.587740 0.411058 0.064904 0.081731
0 0.735577 0.449519 0.062500 0.072115
0 0.733173 0.367788 0.062500 0.072115
0 0.650240 0.349760 0.074519 0.060096
0 0.715144 0.281250 0.055288 0.057692
0 0.632212 0.236779 0.057692 0.064904
0 0.462740 0.312500 0.064904 0.072115
0 0.278846 0.311298 0.052885 0.060096
0 0.352163 0.233173 0.055288 0.052885
0 0.295673 0.209135 0.052885 0.052885
0 0.222356 0.246394 0.045673 0.045673
0 0.187500 0.337740 0.062500 0.064904
