0 0.219952 0.580529 0.060096 0.069712
0 0.402644 0.592548 0.079327 0.079327
0 0.605769 0.646635 0.062500 0.072115
0 0.745192 0.603365 0.067308 0.072115
0 0.617788 0.530048 0.072115 0.074519
0 0.733173 0.447115 0.062500 0.062500
0 0.461538 0.486779 0.072115 0.079327
0 0.134615 0.483173 0.067308 0.067308
0 0.219952 0.421875 0.064904 0.064904
0 0.283654 0.313702 0.062500 0.064904
0 0.183894 0.338942 0.060096 0.067308
0 0.461538 0.316106 0.067308 0.069712
0 0.633413 0.239183 0.064904 0.060096
0 0.587740 0.412260 0.074519 0.074519
0 0.646635 0.349760 0.057692 0.069712
0 0.733173 0.364183 0.062500 0.060096
0 0.716346 0.281250 0.057692 0.057692
0 0.350962 0.233173 0.052885 0.052885
0 0.294471 0.207933 0.055288 0.045673
0 0.221154 0.250000 0.057692 0.048077
