0 0.399038 0.594952 0.072115 0.074519
0 0.609375 0.646635 0.074519 0.076923
0 0.748798 0.609375 0.060096 0.074519
0 0.618990 0.526442 0.074519 0.076923
0 0.461538 0.486779 0.072115 0.079327
0 0.221154 0.574519 0.072115 0.067308
0 0.139423 0.480769 0.057692 0.062500
0 0.224760 0.426683 0.064904 0.064904
0 0.585337 0.411058 0.069712 0.072115
0 0.733173 0.449519 0.072115 0.072115
0 0.729567 0.366587 0.064904 0.069712
0 0.649038 0.347356 0.057692 0.064904
0 0.715144 0.274038 0.055288 0.057692
0 0.621394 0.229567 0.060096 0.064904
0 0.501202 0.230769 0.060096 0.057692
0 0.461538 0.311298 0.067308 0.060096
0 0.355769 0.233173 0.057692 0.052885
0 0.290865 0.210337 0.062500 0.050481
0 0.222356 0.246394 0.055288 0.050481
0 0.281250 0.310096 0.057692 0.067308
0 0.189904 0.342548 0.062500 0.050481
