0 0.397837 0.597356 0.074519 0.079327
0 0.610577 0.643029 0.067308 0.074519
0 0.752404 0.609375 0.052885 0.069712
0 0.621394 0.528846 0.064904 0.062500
0 0.735577 0.450721 0.057692 0.074519
0 0.730769 0.370192 0.062500 0.067308
0 0.646635 0.350962 0.072115 0.062500
0 0.588942 0.412260 0.076923 0.074519
0 0.456731 0.485577 0.076923 0.076923
0 0.218750 0.582933 0.076923 0.079327
0 0.134615 0.485577 0.057692 0.062500
0 0.219952 0.424279 0.060096 0.060096
0 0.459135 0.313702 0.072115 0.074519
0 0.281250 0.313702 0.067308 0.060096
0 0.188702 0.341346 0.055288 0.048077
0 0.352163 0.235577 0.060096 0.052885
0 0.293269 0.209135 0.052885 0.043269
0 0.216346 0.251202 0.048077 0.050481
0 0.497596 0.233173 0.062500 0.057692
0 0.620192 0.230769 0.057692 0.048077
0 0.710337 0.277644 0.055288 0.055288
