0 0.217548 0.579327 0.045673 0.057692
0 0.408654 0.597356 0.067308 0.069712
0 0.610577 0.649038 0.072115 0.067308
0 0.750000 0.606971 0.062500 0.064904
0 0.638221 0.537260 0.069712 0.064904
0 0.552885 0.537260 0.067308 0.069712
0 0.134615 0.481971 0.048077 0.055288
0 0.399038 0.441106 0.067308 0.064904
0 0.514423 0.418269 0.072115 0.072115
0 0.598558 0.418269 0.067308 0.072115
0 0.734375 0.450721 0.069712 0.060096
0 0.730769 0.366587 0.062500 0.060096
0 0.650240 0.348558 0.060096 0.062500
0 0.707933 0.280048 0.045673 0.055288
0 0.187500 0.341346 0.057692 0.057692
0 0.277644 0.313702 0.060096 0.055288
0 0.461538 0.305288 0.072115 0.062500
0 0.623798 0.234375 0.060096 0.050481
0 0.514423 0.234375 0.052885 0.055288
0 0.355769 0.234375 0.067308 0.050481
0 0.292067 0.205529 0.055288 0.045673
0 0.218750 0.247596 0.052885 0.048077
