0 0.407452 0.596154 0.069712 0.072115
0 0.606971 0.646635 0.074519 0.067308
0 0.747596 0.608173 0.062500 0.067308
0 0.641827 0.534856 0.067308 0.069712
0 0.550481 0.536058 0.076923 0.081731
0 0.219952 0.579327 0.074519 0.062500
0 0.135817 0.486779 0.055288 0.064904
0 0.395433 0.439904 0.069712 0.067308
0 0.514423 0.418269 0.057692 0.062500
0 0.596154 0.420673 0.067308 0.067308
0 0.736779 0.448317 0.060096 0.069712
0 0.725962 0.368990 0.057692 0.069712
0 0.651442 0.349760 0.062500 0.060096
0 0.717548 0.278846 0.060096 0.057692
0 0.622596 0.233173 0.067308 0.057692
0 0.514423 0.234375 0.062500 0.055288
0 0.466346 0.307692 0.062500 0.067308
0 0.281250 0.316106 0.057692 0.060096
0 0.185096 0.338942 0.048077 0.052885
0 0.352163 0.235577 0.060096 0.057692
0 0.295673 0.207933 0.052885 0.050481
0 0.221154 0.250000 0.052885 0.057692
