0 0.406250 0.593750 0.072115 0.081731
0 0.603365 0.645433 0.081731 0.074519
0 0.751202 0.608173 0.055288 0.067308
0 0.552885 0.538462 0.067308 0.076923
0 0.641827 0.533654 0.067308 0.067308
0 0.735577 0.449519 0.057692 0.057692
0 0.218750 0.579327 0.062500 0.067308
0 0.137019 0.483173 0.057692 0.072115
0 0.391827 0.441106 0.067308 0.069712
0 0.513221 0.423077 0.074519 0.072115
0 0.602163 0.419471 0.064904 0.074519
0 0.655048 0.352163 0.055288 0.060096
0 0.731971 0.367788 0.060096 0.067308
0 0.706731 0.277644 0.057692 0.060096
0 0.620192 0.234375 0.062500 0.050481
0 0.463942 0.304087 0.072115 0.060096
0 0.504808 0.237981 0.067308 0.057692
0 0.403846 0.186298 0.072115 0.050481
0 0.348558 0.243990 0.057692 0.055288
0 0.294471 0.206731 0.055288 0.048077
0 0.219952 0.247596 0.050481 0.048077
0 0.277644 0.317308 0.064904 0.062500
0 0.188702 0.346154 0.060096 0.067308
