0 0.413462 0.597356 0.086538 0.079327
0 0.605769 0.641827 0.072115 0.076923
0 0.745192 0.608173 0.057692 0.072115
0 0.219952 0.581731 0.064904 0.067308
0 0.138221 0.484375 0.050481 0.064904
0 0.394231 0.437500 0.067308 0.062500
0 0.554087 0.538462 0.064904 0.072115
0 0.635817 0.536058 0.069712 0.072115
0 0.737981 0.453125 0.067308 0.064904
0 0.598558 0.420673 0.072115 0.072115
0 0.518029 0.420673 0.069712 0.072115
0 0.187500 0.342548 0.057692 0.060096
0 0.278846 0.317308 0.057692 0.062500
0 0.462740 0.305288 0.069712 0.072115
0 0.655048 0.346154 0.060096 0.067308
0 0.729567 0.362981 0.060096 0.062500
0 0.711538 0.277644 0.057692 0.055288
0 0.620192 0.234375 0.062500 0.064904
0 0.497596 0.233173 0.067308 0.052885
0 0.407452 0.186298 0.060096 0.045673
0 0.349760 0.254808 0.060096 0.062500
0 0.294471 0.209135 0.045673 0.048077
0 0.223558 0.252404 0.057692 0.057692
