0 0.221154 0.576923 0.062500 0.062500
0 0.403846 0.593750 0.067308 0.067308
0 0.604567 0.644231 0.079327 0.072115
0 0.751202 0.605769 0.060096 0.072115
0 0.138221 0.486779 0.050481 0.064904
0 0.550481 0.538462 0.072115 0.076923
0 0.640625 0.530048 0.069712 0.064904
0 0.735577 0.454327 0.062500 0.062500
0 0.734375 0.370192 0.064904 0.057692
0 0.657452 0.348558 0.060096 0.062500
0 0.695913 0.284856 0.055288 0.055288
0 0.740385 0.263221 0.052885 0.045673
0 0.603365 0.423077 0.067308 0.067308
0 0.520433 0.420673 0.055288 0.062500
0 0.395433 0.442308 0.064904 0.067308
0 0.461538 0.310096 0.072115 0.062500
0 0.558894 0.224760 0.055288 0.055288
0 0.497596 0.231971 0.062500 0.060096
0 0.402644 0.191106 0.060096 0.050481
0 0.343750 0.246394 0.062500 0.050481
0 0.299279 0.207933 0.045673 0.040865
0 0.284856 0.318510 0.064904 0.064904
0 0.187500 0.343750 0.057692 0.062500
0 0.222356 0.250000 0.064904 0.052885
