0 0.219952 0.258413 0.055288 0.055288
0 0.292067 0.234375 0.055288 0.055288
0 0.181490 0.342548 0.060096 0.060096
0 0.260817 0.344952 0.064904 0.064904
0 0.150240 0.546875 0.060096 0.060096
0 0.216346 0.600962 0.072115 0.072115
0 0.606971 0.361779 0.055288 0.055288
0 0.401442 0.454327 0.057692 0.057692
0 0.612981 0.485577 0.062500 0.062500
0 0.525240 0.638221 0.088942 0.088942
0 0.628606 0.638221 0.064904 0.064904
0 0.759615 0.612981 0.067308 0.067308
0 0.769231 0.406250 0.076923 0.076923
0 0.778846 0.322115 0.052885 0.052885
