0 0.627404 0.375000 0.067308 0.062500
0 0.771635 0.365385 0.062500 0.062500
0 0.771635 0.512019 0.062500 0.072115
0 0.647837 0.631010 0.074519 0.074519
0 0.397837 0.616587 0.074519 0.084135
0 0.194712 0.538462 0.067308 0.076923
0 0.162260 0.371394 0.055288 0.069712
0 0.382212 0.338942 0.072115 0.072115
0 0.491587 0.272837 0.079327 0.064904
0 0.259615 0.281250 0.062500 0.057692
0 0.231971 0.242788 0.050481 0.052885
0 0.334135 0.225962 0.067308 0.052885
0 0.472356 0.194712 0.060096 0.043269
0 0.600962 0.237981 0.062500 0.062500
0 0.701923 0.289663 0.057692 0.064904
