0 0.627404 0.375000 0.067308 0.062500
0 0.771635 0.365385 0.062500 0.062500
0 0.771635 0.507212 0.062500 0.072115
0 0.647837 0.631010 0.074519 0.074519
0 0.397837 0.616587 0.074519 0.084135
0 0.194712 0.538462 0.067308 0.076923
0 0.162260 0.367788 0.055288 0.072115
0 0.382212 0.334135 0.072115 0.072115
0 0.491587 0.272837 0.079327 0.064904
0 0.257212 0.276442 0.057692 0.052885
0 0.225962 0.225962 0.052885 0.048077
0 0.334135 0.225962 0.067308 0.052885
0 0.706731 0.288462 0.052885 0.057692
0 0.253606 0.429087 0.069712 0.064904
0 0.474760 0.474760 0.084135 0.069712
0 0.471154 0.206731 0.067308 0.043269
0 0.616587 0.223558 0.060096 0.057692
