0 0.405048 0.615385 0.074519 0.067308
0 0.653846 0.633413 0.076923 0.069712
0 0.766827 0.514423 0.057692 0.062500
0 0.768029 0.370192 0.055288 0.072115
0 0.695913 0.290865 0.069712 0.072115
0 0.617788 0.227163 0.062500 0.055288
0 0.683894 0.461538 0.060096 0.081731
0 0.205529 0.545673 0.074519 0.072115
0 0.473558 0.474760 0.086538 0.069712
0 0.620192 0.373798 0.067308 0.069712
0 0.493990 0.284856 0.079327 0.055288
0 0.475962 0.207933 0.062500 0.064904
0 0.338942 0.227163 0.067308 0.055288
0 0.385817 0.350962 0.074519 0.076923
0 0.256010 0.430288 0.064904 0.057692
0 0.170673 0.372596 0.062500 0.062500
0 0.229567 0.239183 0.055288 0.045673
0 0.275240 0.282452 0.064904 0.055288
