0 0.402644 0.615385 0.069712 0.067308
0 0.649038 0.631010 0.076923 0.069712
0 0.764423 0.509615 0.052885 0.062500
0 0.765625 0.365385 0.055288 0.072115
0 0.693510 0.288462 0.069712 0.072115
0 0.615385 0.224760 0.062500 0.055288
0 0.679087 0.459135 0.060096 0.081731
0 0.205529 0.543269 0.074519 0.072115
0 0.473558 0.474760 0.086538 0.069712
0 0.615385 0.371394 0.067308 0.069712
0 0.491587 0.284856 0.079327 0.055288
0 0.475962 0.207933 0.062500 0.064904
0 0.334135 0.224760 0.067308 0.055288
0 0.381010 0.350962 0.074519 0.076923
0 0.256010 0.427885 0.064904 0.057692
0 0.165865 0.367788 0.062500 0.062500
0 0.224760 0.239183 0.055288 0.045673
0 0.272837 0.280048 0.064904 0.055288
0 0.326923 0.516827 0.072115 0.072115
