0 0.401442 0.612981 0.067308 0.072115
0 0.650240 0.638221 0.074519 0.074519
0 0.763221 0.514423 0.069712 0.062500
0 0.680288 0.462740 0.062500 0.064904
0 0.760817 0.371394 0.050481 0.069712
0 0.701923 0.292067 0.048077 0.055288
0 0.620192 0.375000 0.072115 0.067308
0 0.621394 0.223558 0.055288 0.062500
0 0.490385 0.278846 0.062500 0.052885
0 0.469952 0.204327 0.069712 0.052885
0 0.336538 0.231971 0.057692 0.050481
0 0.379808 0.344952 0.062500 0.060096
0 0.471154 0.473558 0.076923 0.076923
0 0.324519 0.515625 0.067308 0.064904
0 0.209135 0.544471 0.067308 0.064904
0 0.129808 0.492788 0.052885 0.062500
0 0.167067 0.378606 0.060096 0.060096
0 0.257212 0.430288 0.067308 0.067308
0 0.275240 0.288462 0.050481 0.057692
0 0.231971 0.241587 0.040865 0.050481
