0 0.402644 0.612981 0.069712 0.072115
0 0.651442 0.632212 0.067308 0.067308
0 0.572115 0.554087 0.076923 0.079327
0 0.762019 0.514423 0.052885 0.057692
0 0.762019 0.370192 0.052885 0.067308
0 0.698317 0.293269 0.055288 0.052885
0 0.618990 0.222356 0.064904 0.055288
0 0.469952 0.207933 0.060096 0.050481
0 0.490385 0.277644 0.062500 0.055288
0 0.617788 0.373798 0.067308 0.064904
0 0.680288 0.465144 0.062500 0.069712
0 0.469952 0.477163 0.069712 0.069712
0 0.383413 0.347356 0.069712 0.064904
0 0.334135 0.230769 0.052885 0.048077
0 0.230769 0.241587 0.048077 0.045673
0 0.276442 0.283654 0.062500 0.052885
0 0.170673 0.375000 0.048077 0.057692
0 0.264423 0.433894 0.062500 0.064904
0 0.330529 0.522837 0.079327 0.069712
0 0.210337 0.539663 0.064904 0.069712
0 0.134615 0.492788 0.052885 0.057692
