0 0.647837 0.631010 0.069712 0.060096
0 0.760817 0.512019 0.060096 0.062500
0 0.676683 0.463942 0.060096 0.067308
0 0.763221 0.373798 0.064904 0.050481
0 0.704327 0.292067 0.057692 0.060096
0 0.620192 0.225962 0.076923 0.062500
0 0.621394 0.375000 0.069712 0.067308
0 0.578125 0.554087 0.069712 0.069712
0 0.402644 0.609375 0.069712 0.074519
0 0.478365 0.478365 0.072115 0.067308
0 0.331731 0.522837 0.072115 0.069712
0 0.207933 0.549279 0.064904 0.069712
0 0.134615 0.495192 0.057692 0.057692
0 0.165865 0.377404 0.052885 0.057692
0 0.259615 0.435096 0.072115 0.062500
0 0.383413 0.349760 0.069712 0.064904
0 0.495192 0.288462 0.081731 0.057692
0 0.467548 0.209135 0.064904 0.052885
0 0.334135 0.233173 0.057692 0.048077
0 0.277644 0.284856 0.055288 0.055288
0 0.227163 0.240385 0.055288 0.048077
