0 0.652644 0.632212 0.069712 0.067308
0 0.762019 0.515625 0.067308 0.069712
0 0.676683 0.462740 0.060096 0.055288
0 0.759615 0.371394 0.043269 0.055288
0 0.701923 0.288462 0.048077 0.057692
0 0.618990 0.228365 0.060096 0.052885
0 0.615385 0.372596 0.062500 0.067308
0 0.576923 0.552885 0.062500 0.081731
0 0.468750 0.478365 0.072115 0.072115
0 0.406250 0.617788 0.072115 0.086538
0 0.326923 0.518029 0.072115 0.069712
0 0.213942 0.546875 0.062500 0.064904
0 0.137019 0.497596 0.062500 0.067308
0 0.262019 0.439904 0.067308 0.057692
0 0.382212 0.354567 0.067308 0.064904
0 0.487981 0.287260 0.062500 0.060096
0 0.468750 0.207933 0.067308 0.050481
0 0.338942 0.233173 0.057692 0.052885
0 0.275240 0.287260 0.050481 0.064904
0 0.223558 0.242788 0.048077 0.048077
0 0.169471 0.318510 0.050481 0.050481
0 0.181490 0.381010 0.045673 0.055288
