0 0.649038 0.632212 0.072115 0.067308
0 0.757212 0.513221 0.067308 0.069712
0 0.676683 0.460337 0.060096 0.055288
0 0.757212 0.367788 0.043269 0.052885
0 0.697115 0.288462 0.048077 0.057692
0 0.616587 0.225962 0.060096 0.052885
0 0.615385 0.370192 0.062500 0.072115
0 0.572115 0.552885 0.062500 0.081731
0 0.460337 0.484375 0.069712 0.069712
0 0.403846 0.615385 0.072115 0.086538
0 0.324519 0.515625 0.072115 0.069712
0 0.209135 0.544471 0.062500 0.069712
0 0.132212 0.495192 0.062500 0.072115
0 0.257212 0.439904 0.067308 0.057692
0 0.382212 0.349760 0.067308 0.064904
0 0.487981 0.287260 0.062500 0.060096
0 0.466346 0.207933 0.072115 0.050481
0 0.334135 0.230769 0.057692 0.052885
0 0.272837 0.287260 0.050481 0.064904
0 0.223558 0.240385 0.048077 0.048077
0 0.164663 0.318510 0.050481 0.050481
0 0.179087 0.381010 0.045673 0.055288
0 0.503606 0.375000 0.069712 0.062500
0 0.724760 0.251202 0.050481 0.040865
