0 0.645433 0.633413 0.079327 0.064904
0 0.764423 0.519231 0.062500 0.062500
0 0.680288 0.463942 0.052885 0.057692
0 0.757212 0.372596 0.048077 0.067308
0 0.699519 0.292067 0.052885 0.055288
0 0.723558 0.248798 0.057692 0.050481
0 0.617788 0.225962 0.062500 0.057692
0 0.611779 0.377404 0.055288 0.062500
0 0.568510 0.551683 0.064904 0.074519
0 0.463942 0.485577 0.067308 0.076923
0 0.400240 0.612981 0.074519 0.081731
0 0.331731 0.519231 0.072115 0.067308
0 0.217548 0.545673 0.069712 0.072115
0 0.132212 0.491587 0.048077 0.069712
0 0.269231 0.437500 0.072115 0.062500
0 0.182692 0.387019 0.057692 0.062500
0 0.163462 0.319712 0.052885 0.048077
0 0.378606 0.353365 0.079327 0.062500
0 0.506010 0.372596 0.074519 0.072115
0 0.486779 0.287260 0.064904 0.055288
0 0.469952 0.209135 0.064904 0.048077
0 0.335337 0.233173 0.060096 0.048077
0 0.276442 0.283654 0.062500 0.057692
0 0.228365 0.245192 0.052885 0.052885
