0 0.402644 0.612981 0.079327 0.072115
0 0.652644 0.631010 0.064904 0.069712
0 0.574519 0.551683 0.062500 0.074519
0 0.760817 0.518029 0.055288 0.060096
0 0.681490 0.466346 0.064904 0.067308
0 0.753606 0.371394 0.064904 0.055288
0 0.698317 0.300481 0.060096 0.052885
0 0.721154 0.250000 0.052885 0.043269
0 0.618990 0.228365 0.064904 0.048077
0 0.616587 0.373798 0.064904 0.069712
0 0.466346 0.485577 0.076923 0.072115
0 0.502404 0.375000 0.062500 0.067308
0 0.486779 0.281250 0.069712 0.052885
0 0.471154 0.209135 0.072115 0.052885
0 0.383413 0.347356 0.069712 0.069712
0 0.332933 0.521635 0.074519 0.072115
0 0.211538 0.539663 0.062500 0.069712
0 0.134615 0.492788 0.057692 0.062500
0 0.266827 0.437500 0.076923 0.067308
0 0.181490 0.385817 0.064904 0.060096
0 0.163462 0.319712 0.072115 0.052885
0 0.230769 0.239183 0.057692 0.055288
