0 0.400240 0.612981 0.069712 0.067308
0 0.647837 0.632212 0.093750 0.076923
0 0.578125 0.556490 0.069712 0.074519
0 0.763221 0.519231 0.069712 0.067308
0 0.468750 0.487981 0.072115 0.067308
0 0.331731 0.526442 0.076923 0.067308
0 0.210337 0.544471 0.069712 0.064904
0 0.129808 0.490385 0.052885 0.072115
0 0.174279 0.382212 0.060096 0.057692
0 0.170673 0.317308 0.062500 0.057692
0 0.225962 0.241587 0.057692 0.050481
0 0.472356 0.204327 0.079327 0.052885
0 0.485577 0.280048 0.076923 0.060096
0 0.506010 0.376202 0.074519 0.064904
0 0.617788 0.375000 0.067308 0.072115
0 0.677885 0.465144 0.067308 0.069712
0 0.763221 0.367788 0.064904 0.067308
0 0.700721 0.295673 0.055288 0.052885
0 0.724760 0.247596 0.055288 0.052885
0 0.620192 0.224760 0.067308 0.055288
