0 0.406250 0.616587 0.091346 0.074519
0 0.647837 0.629808 0.069712 0.072115
0 0.576923 0.554087 0.076923 0.074519
0 0.762019 0.514423 0.072115 0.067308
0 0.679087 0.461538 0.069712 0.072115
0 0.760817 0.371394 0.064904 0.064904
0 0.699519 0.292067 0.052885 0.055288
0 0.727163 0.247596 0.060096 0.048077
0 0.621394 0.227163 0.055288 0.055288
0 0.620192 0.375000 0.072115 0.067308
0 0.467548 0.487981 0.074519 0.072115
0 0.332933 0.527644 0.074519 0.069712
0 0.217548 0.546875 0.074519 0.074519
0 0.138221 0.495192 0.064904 0.062500
0 0.183894 0.387019 0.069712 0.057692
0 0.170673 0.320913 0.052885 0.050481
0 0.233173 0.245192 0.062500 0.057692
0 0.473558 0.205529 0.072115 0.055288
0 0.485577 0.286058 0.072115 0.062500
0 0.498798 0.376202 0.079327 0.069712
