0 0.646635 0.634615 0.072115 0.076923
0 0.760817 0.515625 0.064904 0.064904
0 0.762019 0.373798 0.057692 0.060096
0 0.694712 0.289663 0.052885 0.050481
0 0.618990 0.227163 0.060096 0.060096
0 0.469952 0.205529 0.069712 0.050481
0 0.493990 0.280048 0.060096 0.069712
0 0.502404 0.373798 0.072115 0.074519
0 0.612981 0.377404 0.076923 0.067308
0 0.679087 0.469952 0.079327 0.069712
0 0.468750 0.486779 0.076923 0.069712
0 0.569712 0.550481 0.076923 0.076923
0 0.412260 0.616587 0.084135 0.084135
0 0.337740 0.524038 0.084135 0.072115
0 0.213942 0.545673 0.076923 0.072115
0 0.128606 0.493990 0.060096 0.064904
0 0.175481 0.382212 0.067308 0.057692
0 0.164663 0.318510 0.060096 0.050481
0 0.227163 0.245192 0.064904 0.057692
