0 0.179087 0.384615 0.055288 0.052885
0 0.134615 0.493990 0.057692 0.055288
0 0.217548 0.544471 0.074519 0.064904
0 0.329327 0.526442 0.081731 0.081731
0 0.407452 0.614183 0.074519 0.074519
0 0.468750 0.484375 0.081731 0.074519
0 0.171875 0.319712 0.060096 0.057692
0 0.233173 0.240385 0.057692 0.057692
0 0.493990 0.281250 0.069712 0.067308
0 0.504808 0.373798 0.081731 0.084135
0 0.473558 0.207933 0.067308 0.060096
0 0.621394 0.225962 0.064904 0.067308
0 0.576923 0.552885 0.086538 0.076923
0 0.618990 0.372596 0.074519 0.072115
0 0.680288 0.462740 0.072115 0.064904
0 0.650240 0.634615 0.084135 0.076923
0 0.765625 0.518029 0.060096 0.064904
0 0.762019 0.371394 0.057692 0.064904
0 0.700721 0.292067 0.060096 0.045673
0 0.725962 0.250000 0.057692 0.052885
