0 0.496394 0.282452 0.074519 0.069712
0 0.332933 0.525240 0.069712 0.074519
0 0.211538 0.546875 0.072115 0.064904
0 0.137019 0.492788 0.057692 0.057692
0 0.281250 0.409856 0.072115 0.074519
0 0.400240 0.615385 0.088942 0.076923
0 0.468750 0.486779 0.076923 0.079327
0 0.506010 0.376202 0.084135 0.074519
0 0.469952 0.209135 0.064904 0.062500
0 0.182692 0.388221 0.067308 0.060096
0 0.168269 0.320913 0.052885 0.055288
0 0.231971 0.246394 0.050481 0.055288
0 0.574519 0.554087 0.076923 0.074519
0 0.620192 0.372596 0.072115 0.067308
0 0.620192 0.225962 0.062500 0.052885
0 0.651442 0.633413 0.076923 0.064904
0 0.682692 0.467548 0.072115 0.069712
0 0.760817 0.518029 0.060096 0.069712
0 0.759615 0.375000 0.052885 0.057692
0 0.699519 0.295673 0.057692 0.052885
0 0.727163 0.248798 0.060096 0.050481
