0 0.332933 0.526442 0.069712 0.072115
0 0.405048 0.614183 0.084135 0.074519
0 0.211538 0.545673 0.067308 0.067308
0 0.137019 0.493990 0.052885 0.074519
0 0.281250 0.409856 0.076923 0.074519
0 0.467548 0.489183 0.088942 0.084135
0 0.569712 0.550481 0.091346 0.081731
0 0.649038 0.634615 0.096154 0.072115
0 0.503606 0.373798 0.084135 0.074519
0 0.492788 0.284856 0.072115 0.060096
0 0.240385 0.248798 0.067308 0.064904
0 0.181490 0.384615 0.064904 0.057692
0 0.170673 0.320913 0.057692 0.060096
0 0.473558 0.211538 0.067308 0.057692
0 0.620192 0.375000 0.072115 0.072115
0 0.680288 0.463942 0.072115 0.067308
0 0.760817 0.516827 0.069712 0.076923
0 0.620192 0.225962 0.067308 0.062500
0 0.762019 0.370192 0.067308 0.067308
0 0.703125 0.295673 0.055288 0.052885
0 0.729567 0.248798 0.069712 0.050481
