0 0.336538 0.524038 0.076923 0.067308
0 0.408654 0.614183 0.086538 0.074519
0 0.210337 0.543269 0.069712 0.067308
0 0.138221 0.493990 0.050481 0.064904
0 0.181490 0.385817 0.050481 0.055288
0 0.277644 0.411058 0.074519 0.072115
0 0.300481 0.293269 0.072115 0.057692
0 0.169471 0.317308 0.050481 0.052885
0 0.468750 0.484375 0.086538 0.079327
0 0.503606 0.371394 0.069712 0.069712
0 0.492788 0.283654 0.067308 0.067308
0 0.471154 0.207933 0.067308 0.060096
0 0.621394 0.223558 0.064904 0.057692
0 0.700721 0.294471 0.060096 0.055288
0 0.615385 0.375000 0.076923 0.072115
0 0.570913 0.551683 0.074519 0.074519
0 0.650240 0.634615 0.069712 0.067308
0 0.679087 0.463942 0.074519 0.072115
0 0.762019 0.515625 0.067308 0.060096
0 0.758413 0.377404 0.064904 0.067308
0 0.729567 0.248798 0.060096 0.050481
0 0.229567 0.247596 0.055288 0.052885
