0 0.649038 0.637019 0.072115 0.072115
0 0.399038 0.614183 0.076923 0.074519
0 0.467548 0.485577 0.074519 0.076923
0 0.572115 0.551683 0.081731 0.074519
0 0.676683 0.466346 0.069712 0.067308
0 0.504808 0.376202 0.072115 0.074519
0 0.615385 0.376202 0.076923 0.069712
0 0.489183 0.282452 0.074519 0.060096
0 0.474760 0.212740 0.074519 0.060096
0 0.620192 0.223558 0.062500 0.057692
0 0.699519 0.296875 0.062500 0.055288
0 0.724760 0.251202 0.050481 0.045673
0 0.759615 0.370192 0.057692 0.057692
0 0.764423 0.521635 0.062500 0.072115
0 0.337740 0.525240 0.079327 0.074519
0 0.209135 0.544471 0.062500 0.069712
0 0.134615 0.496394 0.052885 0.064904
0 0.182692 0.389423 0.057692 0.067308
0 0.276442 0.411058 0.072115 0.076923
0 0.171875 0.319712 0.055288 0.057692
0 0.294471 0.290865 0.064904 0.062500
0 0.231971 0.240385 0.050481 0.057692
