0 0.331731 0.526442 0.072115 0.081731
0 0.401442 0.611779 0.081731 0.069712
0 0.211538 0.545673 0.067308 0.072115
0 0.135817 0.493990 0.055288 0.074519
0 0.179087 0.382212 0.050481 0.062500
0 0.276442 0.407452 0.062500 0.079327
0 0.300481 0.292067 0.062500 0.064904
0 0.328125 0.227163 0.069712 0.060096
0 0.233173 0.246394 0.048077 0.060096
0 0.174279 0.318510 0.064904 0.055288
0 0.468750 0.209135 0.072115 0.062500
0 0.489183 0.283654 0.074519 0.062500
0 0.504808 0.372596 0.081731 0.072115
0 0.468750 0.486779 0.081731 0.079327
0 0.570913 0.551683 0.079327 0.074519
0 0.649038 0.637019 0.076923 0.072115
0 0.679087 0.465144 0.069712 0.079327
0 0.765625 0.520433 0.064904 0.069712
0 0.617788 0.372596 0.067308 0.072115
0 0.756010 0.370192 0.055288 0.067308
0 0.698317 0.293269 0.055288 0.052885
0 0.722356 0.245192 0.045673 0.052885
0 0.617788 0.227163 0.062500 0.064904
