0 0.467548 0.486779 0.079327 0.074519
0 0.406250 0.615385 0.086538 0.076923
0 0.334135 0.525240 0.072115 0.074519
0 0.213942 0.544471 0.067308 0.064904
0 0.138221 0.497596 0.060096 0.067308
0 0.280048 0.408654 0.069712 0.072115
0 0.185096 0.384615 0.067308 0.062500
0 0.171875 0.319712 0.055288 0.052885
0 0.230769 0.245192 0.052885 0.052885
0 0.299279 0.290865 0.064904 0.062500
0 0.330529 0.224760 0.060096 0.055288
0 0.467548 0.209135 0.069712 0.057692
0 0.491587 0.283654 0.069712 0.062500
0 0.503606 0.376202 0.074519 0.074519
0 0.570913 0.551683 0.074519 0.074519
0 0.652644 0.628606 0.074519 0.069712
0 0.681490 0.462740 0.064904 0.074519
0 0.763221 0.515625 0.064904 0.064904
0 0.616587 0.375000 0.074519 0.067308
0 0.617788 0.227163 0.067308 0.069712
0 0.698317 0.294471 0.060096 0.069712
0 0.723558 0.253606 0.043269 0.055288
0 0.754808 0.371394 0.052885 0.055288
