0 0.649038 0.634615 0.072115 0.076923
0 0.572115 0.549279 0.081731 0.079327
0 0.403846 0.617788 0.081731 0.081731
0 0.460337 0.501202 0.088942 0.084135
0 0.501202 0.384615 0.079327 0.076923
0 0.617788 0.373798 0.072115 0.069712
0 0.682692 0.461538 0.076923 0.076923
0 0.762019 0.518029 0.067308 0.079327
0 0.762019 0.371394 0.057692 0.064904
0 0.704327 0.299279 0.062500 0.050481
0 0.724760 0.246394 0.050481 0.050481
0 0.618990 0.219952 0.064904 0.060096
0 0.334135 0.524038 0.076923 0.081731
0 0.210337 0.543269 0.069712 0.072115
0 0.137019 0.493990 0.057692 0.064904
0 0.183894 0.384615 0.055288 0.067308
0 0.278846 0.413462 0.072115 0.076923
0 0.170673 0.319712 0.062500 0.057692
0 0.230769 0.242788 0.057692 0.057692
0 0.298077 0.290865 0.062500 0.081731
0 0.328125 0.218750 0.079327 0.062500
