0 0.132212 0.489183 0.057692 0.060096
0 0.210337 0.542067 0.064904 0.069712
0 0.331731 0.525240 0.081731 0.069712
0 0.403846 0.614183 0.076923 0.074519
0 0.457933 0.498798 0.084135 0.088942
0 0.573317 0.552885 0.079327 0.076923
0 0.652644 0.632212 0.079327 0.072115
0 0.766827 0.513221 0.057692 0.060096
0 0.679087 0.466346 0.064904 0.067308
0 0.757212 0.371394 0.062500 0.064904
0 0.620192 0.376202 0.072115 0.074519
0 0.501202 0.382212 0.074519 0.076923
0 0.620192 0.223558 0.067308 0.062500
0 0.697115 0.295673 0.062500 0.048077
0 0.728365 0.246394 0.052885 0.050481
0 0.324519 0.221154 0.052885 0.057692
0 0.300481 0.290865 0.062500 0.062500
0 0.284856 0.408654 0.084135 0.072115
0 0.182692 0.385817 0.062500 0.064904
0 0.171875 0.322115 0.060096 0.057692
0 0.230769 0.250000 0.057692 0.057692
