0 0.215144 0.265625 0.055288 0.055288
0 0.302885 0.355769 0.062500 0.062500
0 0.155048 0.546875 0.069712 0.069712
0 0.212740 0.594952 0.069712 0.069712
0 0.370192 0.603365 0.076923 0.076923
0 0.512019 0.641827 0.076923 0.076923
0 0.628606 0.638221 0.079327 0.079327
0 0.763221 0.616587 0.088942 0.088942
0 0.621394 0.385817 0.064904 0.064904
0 0.391827 0.425481 0.067308 0.067308
0 0.391827 0.233173 0.062500 0.062500
0 0.509615 0.223558 0.057692 0.057692
0 0.693510 0.256010 0.050481 0.050481
0 0.715144 0.294471 0.050481 0.050481
0 0.751202 0.272837 0.050481 0.050481
