0 0.274038 0.405048 0.072115 0.074519
0 0.330529 0.522837 0.074519 0.074519
0 0.401442 0.614183 0.081731 0.079327
0 0.463942 0.502404 0.081731 0.086538
0 0.573317 0.550481 0.079327 0.072115
0 0.651442 0.632212 0.072115 0.081731
0 0.762019 0.518029 0.062500 0.069712
0 0.677885 0.462740 0.067308 0.069712
0 0.612981 0.377404 0.072115 0.076923
0 0.504808 0.381010 0.086538 0.074519
0 0.617788 0.219952 0.057692 0.060096
0 0.724760 0.242788 0.060096 0.052885
0 0.705529 0.294471 0.074519 0.045673
0 0.763221 0.375000 0.064904 0.072115
0 0.294471 0.289663 0.069712 0.060096
0 0.325721 0.221154 0.060096 0.057692
0 0.228365 0.246394 0.052885 0.055288
0 0.171875 0.314904 0.060096 0.057692
0 0.182692 0.382212 0.072115 0.057692
0 0.134615 0.492788 0.052885 0.076923
0 0.210337 0.542067 0.079327 0.069712
