0 0.500000 0.384615 0.072115 0.086538
0 0.461538 0.498798 0.081731 0.084135
0 0.405048 0.608173 0.079327 0.072115
0 0.335337 0.525240 0.093750 0.084135
0 0.211538 0.542067 0.072115 0.079327
0 0.278846 0.412260 0.076923 0.084135
0 0.300481 0.288462 0.081731 0.067308
0 0.334135 0.222356 0.076923 0.055288
0 0.229567 0.242788 0.055288 0.057692
0 0.177885 0.316106 0.067308 0.055288
0 0.183894 0.383413 0.079327 0.064904
0 0.132212 0.493990 0.057692 0.074519
0 0.616587 0.228365 0.060096 0.067308
0 0.703125 0.299279 0.064904 0.060096
0 0.723558 0.243990 0.062500 0.050481
0 0.760817 0.372596 0.064904 0.062500
0 0.614183 0.375000 0.084135 0.072115
0 0.575721 0.551683 0.074519 0.074519
0 0.650240 0.634615 0.064904 0.081731
0 0.676683 0.466346 0.069712 0.072115
0 0.763221 0.518029 0.069712 0.074519
