0 0.647837 0.633413 0.074519 0.069712
0 0.579327 0.550481 0.086538 0.081731
0 0.461538 0.495192 0.086538 0.081731
0 0.497596 0.387019 0.076923 0.076923
0 0.680288 0.463942 0.076923 0.076923
0 0.765625 0.515625 0.069712 0.069712
0 0.618990 0.377404 0.079327 0.072115
0 0.701923 0.296875 0.062500 0.055288
0 0.725962 0.243990 0.067308 0.045673
0 0.621394 0.224760 0.074519 0.055288
0 0.756010 0.368990 0.060096 0.060096
0 0.405048 0.612981 0.088942 0.086538
0 0.334135 0.519231 0.086538 0.076923
0 0.211538 0.542067 0.072115 0.069712
0 0.134615 0.496394 0.052885 0.069712
0 0.177885 0.383413 0.057692 0.064904
0 0.167067 0.318510 0.064904 0.060096
0 0.302885 0.293269 0.076923 0.062500
0 0.436298 0.277644 0.069712 0.074519
0 0.280048 0.418269 0.088942 0.086538
0 0.228365 0.241587 0.062500 0.055288
0 0.330529 0.222356 0.079327 0.064904
