0 0.435096 0.276442 0.072115 0.072115
0 0.500000 0.383413 0.076923 0.084135
0 0.461538 0.495192 0.081731 0.081731
0 0.409856 0.609375 0.093750 0.074519
0 0.332933 0.525240 0.079327 0.079327
0 0.215144 0.540865 0.079327 0.067308
0 0.137019 0.491587 0.062500 0.060096
0 0.282452 0.409856 0.088942 0.079327
0 0.180288 0.384615 0.067308 0.067308
0 0.173077 0.311298 0.057692 0.060096
0 0.229567 0.247596 0.055288 0.052885
0 0.301683 0.296875 0.079327 0.069712
0 0.328125 0.221154 0.060096 0.052885
0 0.570913 0.546875 0.084135 0.079327
0 0.644231 0.635817 0.076923 0.074519
0 0.762019 0.514423 0.057692 0.076923
0 0.677885 0.467548 0.076923 0.079327
0 0.614183 0.373798 0.074519 0.079327
0 0.704327 0.294471 0.072115 0.050481
0 0.759615 0.373798 0.072115 0.064904
0 0.618990 0.231971 0.064904 0.079327
0 0.729567 0.246394 0.074519 0.060096
