0 0.138221 0.487981 0.060096 0.067308
0 0.210337 0.544471 0.064904 0.084135
0 0.331731 0.522837 0.081731 0.084135
0 0.403846 0.610577 0.086538 0.072115
0 0.569712 0.551683 0.072115 0.088942
0 0.647837 0.628606 0.069712 0.079327
0 0.463942 0.498798 0.096154 0.074519
0 0.286058 0.408654 0.086538 0.076923
0 0.177885 0.384615 0.057692 0.067308
0 0.171875 0.320913 0.055288 0.055288
0 0.224760 0.242788 0.055288 0.057692
0 0.299279 0.294471 0.074519 0.064904
0 0.324519 0.222356 0.072115 0.055288
0 0.462740 0.205529 0.074519 0.060096
0 0.439904 0.275240 0.081731 0.060096
0 0.502404 0.384615 0.076923 0.081731
0 0.617788 0.223558 0.057692 0.062500
0 0.616587 0.375000 0.069712 0.076923
0 0.675481 0.463942 0.072115 0.076923
0 0.763221 0.518029 0.060096 0.064904
0 0.753606 0.368990 0.060096 0.069712
0 0.706731 0.294471 0.072115 0.050481
0 0.730769 0.246394 0.076923 0.050481
