0 0.231971 0.246394 0.060096 0.050481
0 0.302885 0.289663 0.076923 0.064904
0 0.325721 0.223558 0.064904 0.052885
0 0.277644 0.411058 0.074519 0.072115
0 0.176683 0.319712 0.079327 0.057692
0 0.182692 0.385817 0.062500 0.060096
0 0.133413 0.491587 0.055288 0.069712
0 0.216346 0.546875 0.086538 0.084135
0 0.331731 0.521635 0.105769 0.076923
0 0.403846 0.609375 0.076923 0.069712
0 0.462740 0.504808 0.084135 0.081731
0 0.498798 0.385817 0.084135 0.079327
0 0.569712 0.548077 0.081731 0.072115
0 0.656250 0.633413 0.091346 0.079327
0 0.759615 0.514423 0.067308 0.072115
0 0.679087 0.465144 0.079327 0.079327
0 0.621394 0.376202 0.084135 0.093750
0 0.431490 0.282452 0.079327 0.074519
0 0.471154 0.211538 0.081731 0.062500
0 0.615385 0.227163 0.067308 0.064904
0 0.725962 0.243990 0.062500 0.055288
0 0.713942 0.300481 0.081731 0.048077
0 0.757212 0.372596 0.067308 0.072115
