0 0.465144 0.495192 0.093750 0.081731
0 0.403846 0.612981 0.081731 0.086538
0 0.336538 0.524038 0.072115 0.081731
0 0.218750 0.549279 0.081731 0.079327
0 0.140625 0.490385 0.060096 0.067308
0 0.177885 0.384615 0.062500 0.062500
0 0.282452 0.412260 0.093750 0.074519
0 0.295673 0.294471 0.067308 0.060096
0 0.331731 0.224760 0.076923 0.050481
0 0.233173 0.245192 0.062500 0.048077
0 0.177885 0.317308 0.072115 0.062500
0 0.426683 0.283654 0.079327 0.067308
0 0.467548 0.205529 0.069712 0.064904
0 0.502404 0.382212 0.076923 0.081731
0 0.574519 0.545673 0.076923 0.067308
0 0.653846 0.632212 0.081731 0.081731
0 0.614183 0.368990 0.064904 0.069712
0 0.676683 0.461538 0.069712 0.081731
0 0.762019 0.515625 0.062500 0.088942
0 0.753606 0.372596 0.055288 0.057692
0 0.561298 0.284856 0.069712 0.064904
0 0.617788 0.222356 0.057692 0.060096
0 0.729567 0.247596 0.064904 0.052885
0 0.707933 0.293269 0.064904 0.052885
