0 0.133413 0.493990 0.055288 0.074519
0 0.211538 0.544471 0.076923 0.069712
0 0.331731 0.525240 0.081731 0.079327
0 0.402644 0.612981 0.088942 0.076923
0 0.462740 0.496394 0.084135 0.074519
0 0.572115 0.546875 0.076923 0.084135
0 0.651442 0.628606 0.072115 0.084135
0 0.756010 0.516827 0.060096 0.067308
0 0.681490 0.467548 0.069712 0.074519
0 0.754808 0.372596 0.057692 0.062500
0 0.614183 0.371394 0.079327 0.079327
0 0.501202 0.381010 0.088942 0.074519
0 0.617788 0.222356 0.067308 0.055288
0 0.722356 0.245192 0.064904 0.048077
0 0.706731 0.295673 0.067308 0.048077
0 0.561298 0.287260 0.064904 0.060096
0 0.282452 0.409856 0.079327 0.069712
0 0.182692 0.385817 0.062500 0.055288
0 0.170673 0.319712 0.062500 0.052885
0 0.228365 0.243990 0.052885 0.050481
0 0.299279 0.292067 0.064904 0.064904
0 0.325721 0.222356 0.064904 0.060096
0 0.430288 0.280048 0.076923 0.064904
0 0.462740 0.209135 0.069712 0.057692
