0 0.461538 0.495192 0.086538 0.076923
0 0.403846 0.606971 0.091346 0.074519
0 0.336538 0.524038 0.081731 0.086538
0 0.217548 0.539663 0.074519 0.074519
0 0.280048 0.412260 0.069712 0.074519
0 0.134615 0.486779 0.057692 0.064904
0 0.179087 0.385817 0.064904 0.064904
0 0.169471 0.314904 0.060096 0.052885
0 0.227163 0.243990 0.060096 0.060096
0 0.304087 0.289663 0.069712 0.060096
0 0.325721 0.223558 0.064904 0.052885
0 0.461538 0.210337 0.072115 0.060096
0 0.431490 0.284856 0.074519 0.069712
0 0.497596 0.378606 0.081731 0.079327
0 0.555288 0.287260 0.067308 0.064904
0 0.620192 0.222356 0.072115 0.060096
0 0.725962 0.245192 0.067308 0.043269
0 0.701923 0.292067 0.072115 0.055288
0 0.617788 0.370192 0.076923 0.067308
0 0.676683 0.461538 0.074519 0.076923
0 0.570913 0.544471 0.084135 0.074519
0 0.649038 0.629808 0.081731 0.076923
0 0.763221 0.510817 0.079327 0.084135
0 0.762019 0.368990 0.086538 0.069712
