0 0.650240 0.634615 0.074519 0.076923
0 0.575721 0.554087 0.093750 0.079327
0 0.676683 0.471154 0.069712 0.067308
0 0.762019 0.518029 0.062500 0.069712
0 0.501202 0.382212 0.079327 0.076923
0 0.620192 0.379808 0.072115 0.072115
0 0.752404 0.378606 0.067308 0.064904
0 0.459135 0.500000 0.086538 0.076923
0 0.408654 0.608173 0.086538 0.076923
0 0.337740 0.528846 0.088942 0.076923
0 0.215144 0.546875 0.079327 0.074519
0 0.134615 0.491587 0.057692 0.064904
0 0.177885 0.389423 0.067308 0.076923
0 0.270433 0.411058 0.069712 0.072115
0 0.175481 0.318510 0.067308 0.060096
0 0.233173 0.239183 0.052885 0.064904
0 0.298077 0.290865 0.067308 0.067308
0 0.320913 0.223558 0.060096 0.052885
0 0.465144 0.206731 0.069712 0.057692
0 0.433894 0.278846 0.074519 0.057692
