0 0.216346 0.264423 0.057692 0.057692
0 0.300481 0.355769 0.067308 0.067308
0 0.153846 0.548077 0.062500 0.062500
0 0.219952 0.597356 0.069712 0.069712
0 0.364183 0.602163 0.064904 0.064904
0 0.512019 0.644231 0.072115 0.072115
0 0.620192 0.637019 0.062500 0.062500
0 0.754808 0.615385 0.062500 0.062500
0 0.394231 0.427885 0.072115 0.072115
0 0.625000 0.391827 0.062500 0.062500
0 0.394231 0.240385 0.057692 0.057692
0 0.509615 0.230769 0.062500 0.062500
0 0.698317 0.265625 0.045673 0.045673
0 0.715144 0.299279 0.050481 0.050481
0 0.756010 0.277644 0.050481 0.050481
