0 0.225962 0.237981 0.052885 0.052885
0 0.325721 0.221154 0.069712 0.057692
0 0.296875 0.289663 0.074519 0.060096
0 0.276442 0.408654 0.072115 0.076923
0 0.179087 0.383413 0.064904 0.060096
0 0.168269 0.320913 0.057692 0.055288
0 0.132212 0.492788 0.057692 0.062500
0 0.210337 0.543269 0.074519 0.072115
0 0.331731 0.522837 0.081731 0.074519
0 0.402644 0.610577 0.088942 0.072115
0 0.460337 0.498798 0.084135 0.079327
0 0.574519 0.549279 0.076923 0.084135
0 0.649038 0.637019 0.076923 0.072115
0 0.760817 0.519231 0.060096 0.086538
0 0.681490 0.468750 0.069712 0.072115
0 0.496394 0.387019 0.079327 0.091346
0 0.618990 0.376202 0.074519 0.069712
0 0.757212 0.378606 0.062500 0.069712
0 0.435096 0.274038 0.076923 0.067308
0 0.459135 0.206731 0.072115 0.057692
