0 0.229567 0.245192 0.055288 0.052885
0 0.173077 0.318510 0.057692 0.060096
0 0.181490 0.382212 0.064904 0.057692
0 0.134615 0.491587 0.062500 0.060096
0 0.211538 0.539663 0.072115 0.074519
0 0.326923 0.223558 0.062500 0.052885
0 0.299279 0.292067 0.064904 0.060096
0 0.277644 0.407452 0.074519 0.074519
0 0.330529 0.531250 0.084135 0.086538
0 0.403846 0.611779 0.086538 0.069712
0 0.465144 0.205529 0.069712 0.064904
0 0.433894 0.282452 0.074519 0.064904
0 0.496394 0.383413 0.069712 0.079327
0 0.457933 0.497596 0.074519 0.081731
0 0.618990 0.381010 0.069712 0.074519
0 0.679087 0.474760 0.069712 0.074519
0 0.575721 0.548077 0.079327 0.086538
0 0.650240 0.634615 0.069712 0.076923
0 0.753606 0.382212 0.055288 0.072115
0 0.760817 0.519231 0.069712 0.081731
