0 0.227163 0.240385 0.055288 0.062500
0 0.167067 0.317308 0.050481 0.057692
0 0.179087 0.387019 0.064904 0.062500
0 0.134615 0.490385 0.057692 0.062500
0 0.210337 0.545673 0.069712 0.081731
0 0.326923 0.222356 0.062500 0.060096
0 0.295673 0.293269 0.067308 0.076923
0 0.276442 0.407452 0.076923 0.069712
0 0.329327 0.527644 0.081731 0.084135
0 0.401442 0.618990 0.081731 0.088942
0 0.463942 0.207933 0.072115 0.060096
0 0.430288 0.277644 0.076923 0.069712
0 0.498798 0.379808 0.084135 0.091346
0 0.462740 0.497596 0.088942 0.091346
0 0.569712 0.551683 0.081731 0.074519
0 0.647837 0.638221 0.098558 0.074519
