0 0.329327 0.527644 0.081731 0.074519
0 0.405048 0.615385 0.093750 0.076923
0 0.457933 0.496394 0.084135 0.074519
0 0.507212 0.387019 0.086538 0.076923
0 0.225962 0.243990 0.048077 0.050481
0 0.326923 0.222356 0.062500 0.050481
0 0.467548 0.205529 0.079327 0.055288
0 0.170673 0.318510 0.057692 0.060096
0 0.299279 0.290865 0.079327 0.057692
0 0.433894 0.272837 0.074519 0.069712
0 0.181490 0.385817 0.069712 0.060096
0 0.274038 0.408654 0.086538 0.076923
0 0.132212 0.496394 0.057692 0.069712
0 0.215144 0.542067 0.079327 0.084135
0 0.569712 0.551683 0.081731 0.074519
0 0.656250 0.638221 0.081731 0.088942
