0 0.228365 0.246394 0.057692 0.055288
0 0.322115 0.217548 0.072115 0.050481
0 0.459135 0.204327 0.067308 0.052885
0 0.171875 0.317308 0.055288 0.057692
0 0.296875 0.294471 0.064904 0.064904
0 0.431490 0.277644 0.084135 0.064904
0 0.177885 0.383413 0.062500 0.064904
0 0.270433 0.408654 0.079327 0.072115
0 0.500000 0.385817 0.081731 0.084135
0 0.134615 0.492788 0.062500 0.072115
0 0.207933 0.543269 0.069712 0.072115
0 0.340144 0.524038 0.093750 0.081731
0 0.396635 0.617788 0.081731 0.081731
0 0.455529 0.501202 0.084135 0.084135
0 0.570913 0.551683 0.084135 0.069712
0 0.652644 0.638221 0.074519 0.079327
