0 0.455529 0.201923 0.064904 0.057692
0 0.433894 0.274038 0.079327 0.062500
0 0.502404 0.381010 0.091346 0.079327
0 0.473558 0.487981 0.091346 0.081731
0 0.401442 0.614183 0.081731 0.088942
0 0.329327 0.525240 0.086538 0.069712
0 0.210337 0.546875 0.079327 0.079327
0 0.230769 0.242788 0.057692 0.052885
0 0.328125 0.221154 0.069712 0.048077
0 0.301683 0.288462 0.084135 0.067308
0 0.180288 0.314904 0.086538 0.052885
0 0.177885 0.379808 0.072115 0.057692
0 0.266827 0.406250 0.086538 0.076923
0 0.131010 0.490385 0.069712 0.072115
