0 0.224760 0.237981 0.060096 0.052885
0 0.323317 0.218750 0.064904 0.052885
0 0.465144 0.204327 0.079327 0.057692
0 0.167067 0.316106 0.060096 0.055288
0 0.293269 0.289663 0.072115 0.069712
0 0.433894 0.274038 0.088942 0.062500
0 0.176683 0.383413 0.069712 0.069712
0 0.274038 0.402644 0.076923 0.084135
0 0.500000 0.381010 0.091346 0.074519
0 0.132212 0.489183 0.057692 0.060096
0 0.205529 0.544471 0.074519 0.084135
0 0.329327 0.520433 0.081731 0.079327
0 0.401442 0.620192 0.091346 0.091346
0 0.474760 0.493990 0.093750 0.093750
