0 0.455529 0.200721 0.088942 0.060096
0 0.328125 0.219952 0.069712 0.055288
0 0.229567 0.242788 0.064904 0.057692
0 0.173077 0.314904 0.072115 0.048077
0 0.176683 0.379808 0.074519 0.057692
0 0.270433 0.409856 0.088942 0.079327
0 0.300481 0.289663 0.081731 0.064904
0 0.431490 0.270433 0.088942 0.055288
0 0.495192 0.373798 0.091346 0.088942
0 0.466346 0.491587 0.120192 0.074519
0 0.319712 0.520433 0.086538 0.084135
0 0.399038 0.617788 0.100962 0.081731
0 0.132212 0.491587 0.076923 0.069712
0 0.213942 0.552885 0.096154 0.096154
