0 0.219952 0.263221 0.055288 0.055288
0 0.310096 0.250000 0.052885 0.052885
0 0.412260 0.248798 0.050481 0.050481
0 0.186298 0.349760 0.055288 0.055288
0 0.265625 0.352163 0.060096 0.060096
0 0.370192 0.360577 0.067308 0.067308
0 0.493990 0.347356 0.060096 0.060096
0 0.731971 0.306490 0.060096 0.060096
0 0.659856 0.361779 0.060096 0.060096
0 0.758413 0.402644 0.050481 0.050481
0 0.762019 0.492788 0.062500 0.062500
0 0.667067 0.493990 0.074519 0.074519
0 0.748798 0.606971 0.069712 0.069712
0 0.620192 0.629808 0.072115 0.072115
0 0.525240 0.513221 0.074519 0.074519
0 0.510817 0.643029 0.074519 0.074519
0 0.361779 0.604567 0.084135 0.084135
0 0.360577 0.487981 0.072115 0.072115
0 0.257212 0.466346 0.062500 0.062500
0 0.224760 0.597356 0.060096 0.060096
0 0.164663 0.546875 0.064904 0.064904
0 0.174279 0.455529 0.064904 0.064904
