0 0.218750 0.264423 0.052885 0.052885
0 0.329327 0.233173 0.052885 0.052885
0 0.516827 0.225962 0.062500 0.062500
0 0.659856 0.272837 0.064904 0.064904
0 0.731971 0.260817 0.060096 0.060096
0 0.750000 0.411058 0.062500 0.062500
0 0.588942 0.382212 0.072115 0.072115
0 0.393029 0.426683 0.074519 0.074519
0 0.312500 0.336538 0.067308 0.067308
0 0.181490 0.400240 0.064904 0.064904
0 0.159856 0.551683 0.064904 0.064904
0 0.217548 0.597356 0.060096 0.060096
0 0.365385 0.603365 0.062500 0.062500
0 0.513221 0.647837 0.074519 0.074519
0 0.625000 0.639423 0.072115 0.072115
0 0.754808 0.615385 0.062500 0.062500
