0 0.215144 0.265625 0.055288 0.055288
0 0.332933 0.229567 0.055288 0.055288
0 0.509615 0.223558 0.067308 0.067308
0 0.657452 0.280048 0.060096 0.060096
0 0.724760 0.265625 0.055288 0.055288
0 0.746394 0.409856 0.064904 0.064904
0 0.598558 0.384615 0.067308 0.067308
0 0.395433 0.429087 0.079327 0.079327
0 0.312500 0.336538 0.062500 0.062500
0 0.181490 0.402644 0.069712 0.069712
0 0.156250 0.550481 0.062500 0.062500
0 0.219952 0.594952 0.060096 0.060096
0 0.371394 0.606971 0.084135 0.084135
0 0.515625 0.647837 0.084135 0.084135
0 0.623798 0.640625 0.079327 0.079327
0 0.759615 0.612981 0.067308 0.067308
