0 0.218750 0.266827 0.062500 0.062500
0 0.341346 0.237981 0.062500 0.062500
0 0.512019 0.225962 0.076923 0.076923
0 0.728365 0.264423 0.052885 0.052885
0 0.743990 0.407452 0.064904 0.064904
0 0.450721 0.318510 0.074519 0.074519
0 0.314904 0.336538 0.072115 0.072115
0 0.181490 0.402644 0.064904 0.064904
0 0.389423 0.449519 0.072115 0.072115
0 0.156250 0.552885 0.062500 0.062500
0 0.217548 0.602163 0.069712 0.069712
0 0.373798 0.604567 0.079327 0.079327
0 0.514423 0.644231 0.067308 0.067308
0 0.625000 0.634615 0.076923 0.076923
0 0.758413 0.614183 0.074519 0.074519
