0 0.212740 0.263221 0.055288 0.055288
0 0.334135 0.228365 0.057692 0.057692
0 0.509615 0.225962 0.062500 0.062500
0 0.725962 0.264423 0.062500 0.062500
0 0.745192 0.411058 0.067308 0.067308
0 0.610577 0.475962 0.072115 0.072115
0 0.447115 0.317308 0.067308 0.067308
0 0.313702 0.335337 0.064904 0.064904
0 0.180288 0.401442 0.062500 0.062500
0 0.158654 0.550481 0.057692 0.057692
0 0.221154 0.598558 0.067308 0.067308
0 0.373798 0.604567 0.079327 0.079327
0 0.515625 0.650240 0.084135 0.084135
0 0.385817 0.450721 0.074519 0.074519
0 0.625000 0.644231 0.076923 0.076923
0 0.756010 0.611779 0.064904 0.064904
