0 0.217548 0.260817 0.060096 0.060096
0 0.337740 0.231971 0.060096 0.060096
0 0.509615 0.223558 0.062500 0.062500
0 0.734375 0.263221 0.064904 0.064904
0 0.383413 0.445913 0.069712 0.069712
0 0.447115 0.317308 0.067308 0.067308
0 0.615385 0.478365 0.076923 0.076923
0 0.750000 0.408654 0.072115 0.072115
0 0.308894 0.337740 0.069712 0.069712
0 0.187500 0.399038 0.067308 0.067308
0 0.163462 0.548077 0.067308 0.067308
0 0.227163 0.599760 0.074519 0.074519
0 0.368990 0.604567 0.084135 0.084135
0 0.516827 0.646635 0.086538 0.086538
0 0.622596 0.639423 0.076923 0.076923
0 0.759615 0.610577 0.072115 0.072115
