0 0.239183 0.231971 0.055288 0.064904
0 0.195913 0.320913 0.060096 0.069712
0 0.320913 0.286058 0.074519 0.076923
0 0.217548 0.419471 0.074519 0.084135
0 0.129808 0.496394 0.048077 0.069712
0 0.203125 0.543269 0.074519 0.076923
0 0.375000 0.570913 0.086538 0.084135
0 0.421875 0.429087 0.074519 0.103365
0 0.558894 0.266827 0.069712 0.100962
0 0.722356 0.266827 0.069712 0.081731
0 0.753606 0.364183 0.079327 0.064904
0 0.653846 0.400240 0.086538 0.093750
0 0.561298 0.540865 0.088942 0.110577
0 0.722356 0.519231 0.074519 0.086538
