0 0.239183 0.239183 0.064904 0.060096
0 0.322115 0.293269 0.072115 0.086538
0 0.191106 0.323317 0.074519 0.069712
0 0.222356 0.417067 0.084135 0.084135
0 0.129808 0.497596 0.067308 0.072115
0 0.215144 0.546875 0.088942 0.079327
0 0.420673 0.436298 0.072115 0.098558
0 0.368990 0.568510 0.084135 0.084135
0 0.560096 0.272837 0.091346 0.084135
0 0.725962 0.264423 0.076923 0.076923
0 0.750000 0.366587 0.067308 0.074519
0 0.646635 0.407452 0.100962 0.084135
0 0.560096 0.543269 0.100962 0.100962
0 0.725962 0.537260 0.076923 0.093750
