0 0.243990 0.236779 0.060096 0.055288
0 0.198317 0.322115 0.064904 0.067308
0 0.322115 0.290865 0.067308 0.076923
0 0.222356 0.419471 0.079327 0.069712
0 0.132212 0.492788 0.052885 0.076923
0 0.201923 0.544471 0.067308 0.079327
0 0.376202 0.566106 0.088942 0.093750
0 0.423077 0.432692 0.076923 0.091346
0 0.558894 0.272837 0.074519 0.093750
0 0.723558 0.260817 0.062500 0.079327
0 0.747596 0.365385 0.072115 0.076923
0 0.653846 0.408654 0.076923 0.086538
0 0.552885 0.536058 0.100962 0.086538
0 0.717548 0.526442 0.074519 0.091346
