0 0.361779 0.206731 0.084135 0.057692
0 0.242788 0.234375 0.062500 0.055288
0 0.192308 0.318510 0.057692 0.069712
0 0.324519 0.286058 0.081731 0.062500
0 0.219952 0.425481 0.060096 0.076923
0 0.132212 0.500000 0.062500 0.076923
0 0.219952 0.545673 0.098558 0.081731
0 0.377404 0.568510 0.096154 0.088942
0 0.431490 0.430288 0.098558 0.096154
0 0.552885 0.263221 0.086538 0.074519
0 0.727163 0.270433 0.069712 0.088942
0 0.752404 0.367788 0.062500 0.072115
0 0.662260 0.403846 0.079327 0.076923
0 0.552885 0.537260 0.091346 0.079327
0 0.727163 0.530048 0.088942 0.079327
