0 0.359375 0.207933 0.079327 0.060096
0 0.239183 0.234375 0.060096 0.055288
0 0.199519 0.319712 0.052885 0.062500
0 0.217548 0.424279 0.064904 0.074519
0 0.129808 0.500000 0.062500 0.062500
0 0.209135 0.544471 0.076923 0.074519
0 0.323317 0.293269 0.064904 0.067308
0 0.420673 0.442308 0.081731 0.105769
0 0.377404 0.564904 0.081731 0.072115
0 0.557692 0.276442 0.072115 0.091346
0 0.725962 0.258413 0.067308 0.074519
0 0.750000 0.365385 0.076923 0.062500
0 0.657452 0.405048 0.079327 0.079327
0 0.557692 0.534856 0.096154 0.093750
0 0.723558 0.537260 0.091346 0.093750
