0 0.352163 0.210337 0.060096 0.050481
0 0.329327 0.287260 0.072115 0.064904
0 0.245192 0.239183 0.057692 0.064904
0 0.199519 0.319712 0.072115 0.072115
0 0.229567 0.423077 0.088942 0.076923
0 0.133413 0.496394 0.055288 0.079327
0 0.210337 0.542067 0.074519 0.074519
0 0.424279 0.436298 0.088942 0.093750
0 0.375000 0.568510 0.086538 0.079327
0 0.563702 0.268029 0.079327 0.074519
0 0.718750 0.263221 0.072115 0.074519
0 0.747596 0.366587 0.062500 0.074519
0 0.657452 0.397837 0.084135 0.064904
0 0.558894 0.536058 0.084135 0.081731
0 0.725962 0.530048 0.081731 0.084135
