0 0.211538 0.264423 0.052885 0.052885
0 0.335337 0.231971 0.055288 0.055288
0 0.512019 0.225962 0.062500 0.062500
0 0.725962 0.259615 0.052885 0.052885
0 0.743990 0.409856 0.064904 0.064904
0 0.610577 0.478365 0.072115 0.072115
0 0.388221 0.453125 0.079327 0.079327
0 0.759615 0.612981 0.062500 0.062500
0 0.631010 0.638221 0.084135 0.084135
0 0.509615 0.644231 0.072115 0.072115
0 0.368990 0.604567 0.079327 0.079327
0 0.225962 0.598558 0.072115 0.072115
0 0.162260 0.551683 0.064904 0.064904
0 0.181490 0.400240 0.064904 0.064904
0 0.312500 0.334135 0.072115 0.072115
0 0.445913 0.320913 0.069712 0.069712
