0 0.359375 0.209135 0.079327 0.062500
0 0.241587 0.237981 0.055288 0.043269
0 0.194712 0.319712 0.052885 0.062500
0 0.324519 0.286058 0.081731 0.062500
0 0.228365 0.419471 0.096154 0.074519
0 0.129808 0.497596 0.062500 0.072115
0 0.211538 0.543269 0.086538 0.076923
0 0.370192 0.574519 0.096154 0.081731
0 0.429087 0.427885 0.098558 0.081731
0 0.562500 0.260817 0.086538 0.079327
0 0.721154 0.259615 0.057692 0.057692
0 0.752404 0.360577 0.062500 0.067308
0 0.656250 0.401442 0.072115 0.081731
0 0.550481 0.538462 0.086538 0.096154
0 0.725962 0.525240 0.076923 0.103365
