0 0.360577 0.210337 0.086538 0.055288
0 0.487981 0.204327 0.091346 0.052885
0 0.554087 0.271635 0.084135 0.072115
0 0.243990 0.236779 0.064904 0.050481
0 0.200721 0.320913 0.060096 0.064904
0 0.322115 0.287260 0.076923 0.069712
0 0.215144 0.418269 0.064904 0.062500
0 0.135817 0.493990 0.050481 0.064904
0 0.205529 0.546875 0.069712 0.079327
0 0.425481 0.429087 0.081731 0.088942
0 0.371394 0.564904 0.088942 0.081731
0 0.554087 0.537260 0.079327 0.098558
0 0.652644 0.406250 0.084135 0.086538
0 0.725962 0.259615 0.057692 0.076923
0 0.747596 0.367788 0.057692 0.081731
0 0.725962 0.527644 0.086538 0.088942
