0 0.354567 0.206731 0.074519 0.067308
0 0.477163 0.207933 0.069712 0.064904
0 0.562500 0.264423 0.086538 0.072115
0 0.325721 0.288462 0.069712 0.057692
0 0.242788 0.239183 0.062500 0.050481
0 0.199519 0.320913 0.067308 0.060096
0 0.218750 0.415865 0.076923 0.072115
0 0.132212 0.493990 0.062500 0.064904
0 0.212740 0.546875 0.074519 0.069712
0 0.426683 0.426683 0.084135 0.098558
0 0.370192 0.568510 0.086538 0.093750
0 0.552885 0.544471 0.086538 0.093750
0 0.653846 0.409856 0.062500 0.079327
0 0.725962 0.259615 0.067308 0.062500
0 0.748798 0.373798 0.074519 0.079327
0 0.730769 0.528846 0.091346 0.067308
