0 0.359375 0.211538 0.074519 0.057692
0 0.477163 0.203125 0.069712 0.060096
0 0.237981 0.237981 0.062500 0.052885
0 0.200721 0.314904 0.069712 0.067308
0 0.334135 0.290865 0.091346 0.081731
0 0.225962 0.418269 0.091346 0.062500
0 0.424279 0.439904 0.112981 0.110577
0 0.135817 0.495192 0.055288 0.072115
0 0.204327 0.544471 0.072115 0.074519
0 0.373798 0.563702 0.088942 0.084135
0 0.568510 0.260817 0.093750 0.064904
0 0.719952 0.259615 0.064904 0.057692
0 0.752404 0.367788 0.081731 0.081731
0 0.651442 0.402644 0.081731 0.069712
0 0.555288 0.536058 0.100962 0.086538
0 0.727163 0.532452 0.093750 0.098558
