0 0.242788 0.235577 0.062500 0.057692
0 0.358173 0.206731 0.067308 0.057692
0 0.472356 0.203125 0.074519 0.055288
0 0.564904 0.258413 0.081731 0.064904
0 0.721154 0.256010 0.067308 0.055288
0 0.328125 0.287260 0.074519 0.064904
0 0.200721 0.314904 0.069712 0.062500
0 0.224760 0.418269 0.069712 0.067308
0 0.134615 0.496394 0.057692 0.064904
0 0.207933 0.549279 0.079327 0.064904
0 0.426683 0.433894 0.084135 0.088942
0 0.367788 0.568510 0.100962 0.060096
0 0.555288 0.536058 0.081731 0.081731
0 0.661058 0.403846 0.081731 0.076923
0 0.758413 0.359375 0.079327 0.069712
0 0.725962 0.527644 0.076923 0.093750
