0 0.243990 0.240385 0.050481 0.057692
0 0.354567 0.209135 0.069712 0.052885
0 0.481971 0.207933 0.069712 0.055288
0 0.560096 0.260817 0.072115 0.074519
0 0.639423 0.227163 0.062500 0.069712
0 0.719952 0.262019 0.064904 0.062500
0 0.753606 0.370192 0.074519 0.076923
0 0.658654 0.399038 0.086538 0.086538
0 0.332933 0.290865 0.079327 0.081731
0 0.193510 0.323317 0.064904 0.060096
0 0.218750 0.419471 0.072115 0.079327
0 0.133413 0.493990 0.064904 0.084135
0 0.219952 0.551683 0.088942 0.074519
0 0.426683 0.427885 0.079327 0.100962
0 0.375000 0.570913 0.086538 0.084135
0 0.552885 0.536058 0.086538 0.086538
0 0.722356 0.525240 0.084135 0.084135
