0 0.240385 0.237981 0.057692 0.048077
0 0.354567 0.213942 0.060096 0.067308
0 0.473558 0.209135 0.072115 0.062500
0 0.563702 0.256010 0.069712 0.074519
0 0.646635 0.222356 0.062500 0.074519
0 0.728365 0.257212 0.062500 0.062500
0 0.658654 0.403846 0.086538 0.076923
0 0.763221 0.362981 0.069712 0.072115
0 0.330529 0.295673 0.074519 0.072115
0 0.200721 0.324519 0.088942 0.072115
0 0.221154 0.417067 0.081731 0.074519
0 0.129808 0.496394 0.048077 0.079327
0 0.197115 0.546875 0.062500 0.069712
0 0.370192 0.567308 0.076923 0.081731
0 0.430288 0.435096 0.091346 0.096154
0 0.557692 0.546875 0.076923 0.112981
0 0.725962 0.526442 0.072115 0.062500
