0 0.240385 0.234375 0.057692 0.055288
0 0.366587 0.213942 0.093750 0.052885
0 0.478365 0.210337 0.067308 0.050481
0 0.560096 0.258413 0.062500 0.079327
0 0.639423 0.218750 0.072115 0.062500
0 0.724760 0.259615 0.064904 0.048077
0 0.201923 0.314904 0.076923 0.072115
0 0.324519 0.287260 0.081731 0.064904
0 0.228365 0.413462 0.086538 0.076923
0 0.133413 0.493990 0.060096 0.069712
0 0.201923 0.540865 0.067308 0.086538
0 0.423077 0.431490 0.086538 0.093750
0 0.376202 0.567308 0.079327 0.076923
0 0.555288 0.538462 0.091346 0.086538
0 0.663462 0.407452 0.076923 0.074519
0 0.760817 0.368990 0.079327 0.084135
0 0.716346 0.525240 0.081731 0.098558
