0 0.242788 0.237981 0.052885 0.052885
0 0.354567 0.209135 0.074519 0.048077
0 0.485577 0.205529 0.057692 0.055288
0 0.558894 0.259615 0.064904 0.067308
0 0.639423 0.224760 0.076923 0.060096
0 0.721154 0.256010 0.067308 0.074519
0 0.750000 0.364183 0.067308 0.069712
0 0.655048 0.400240 0.074519 0.074519
0 0.723558 0.528846 0.076923 0.086538
0 0.561298 0.358173 0.088942 0.081731
0 0.334135 0.281250 0.081731 0.062500
0 0.200721 0.319712 0.060096 0.052885
0 0.225962 0.414663 0.081731 0.074519
0 0.141827 0.495192 0.052885 0.076923
0 0.205529 0.543269 0.074519 0.072115
0 0.382212 0.570913 0.100962 0.084135
0 0.424279 0.432692 0.079327 0.105769
0 0.554087 0.543269 0.088942 0.096154
