0 0.245192 0.234375 0.057692 0.050481
0 0.354567 0.209135 0.069712 0.062500
0 0.479567 0.211538 0.074519 0.067308
0 0.564904 0.258413 0.072115 0.074519
0 0.646635 0.221154 0.072115 0.057692
0 0.723558 0.259615 0.062500 0.057692
0 0.750000 0.361779 0.057692 0.064904
0 0.659856 0.397837 0.074519 0.079327
0 0.556490 0.356971 0.079327 0.069712
0 0.427885 0.424279 0.086538 0.074519
0 0.329327 0.294471 0.072115 0.069712
0 0.192308 0.328125 0.067308 0.064904
0 0.225962 0.420673 0.076923 0.052885
0 0.134615 0.496394 0.048077 0.079327
0 0.210337 0.537260 0.069712 0.098558
0 0.375000 0.568510 0.086538 0.074519
0 0.557692 0.534856 0.076923 0.074519
0 0.729567 0.531250 0.108173 0.067308
