0 0.216346 0.259615 0.052885 0.052885
0 0.312500 0.336538 0.062500 0.062500
0 0.448317 0.323317 0.074519 0.074519
0 0.514423 0.223558 0.067308 0.067308
0 0.729567 0.263221 0.064904 0.064904
0 0.747596 0.406250 0.067308 0.067308
0 0.610577 0.480769 0.081731 0.081731
0 0.757212 0.608173 0.062500 0.062500
0 0.627404 0.637019 0.081731 0.081731
0 0.514423 0.644231 0.081731 0.081731
0 0.373798 0.604567 0.079327 0.079327
0 0.219952 0.599760 0.064904 0.064904
0 0.156250 0.552885 0.062500 0.062500
0 0.179087 0.402644 0.060096 0.060096
0 0.387019 0.449519 0.072115 0.072115
