0 0.479567 0.200721 0.060096 0.064904
0 0.356971 0.211538 0.069712 0.057692
0 0.247596 0.231971 0.062500 0.055288
0 0.323317 0.289663 0.064904 0.064904
0 0.195913 0.318510 0.060096 0.069712
0 0.225962 0.421875 0.076923 0.060096
0 0.132212 0.490385 0.062500 0.062500
0 0.207933 0.540865 0.064904 0.072115
0 0.425481 0.425481 0.091346 0.072115
0 0.379808 0.568510 0.096154 0.074519
0 0.561298 0.269231 0.074519 0.072115
0 0.552885 0.353365 0.076923 0.067308
0 0.555288 0.539663 0.091346 0.074519
0 0.664663 0.408654 0.079327 0.091346
0 0.641827 0.227163 0.062500 0.069712
0 0.718750 0.266827 0.067308 0.072115
0 0.750000 0.361779 0.076923 0.064904
0 0.711538 0.530048 0.081731 0.084135
