0 0.379808 0.568510 0.081731 0.074519
0 0.205529 0.545673 0.064904 0.062500
0 0.135817 0.493990 0.045673 0.060096
0 0.198317 0.320913 0.050481 0.060096
0 0.224760 0.419471 0.069712 0.064904
0 0.313702 0.400240 0.074519 0.069712
0 0.554087 0.537260 0.074519 0.069712
0 0.721154 0.525240 0.062500 0.064904
0 0.655048 0.405048 0.074519 0.064904
0 0.751202 0.362981 0.050481 0.062500
0 0.427885 0.426683 0.076923 0.069712
0 0.556490 0.358173 0.074519 0.072115
0 0.723558 0.262019 0.052885 0.057692
0 0.245192 0.236779 0.057692 0.050481
0 0.328125 0.290865 0.069712 0.062500
0 0.356971 0.212740 0.055288 0.055288
0 0.479567 0.210337 0.060096 0.060096
0 0.558894 0.265625 0.064904 0.060096
0 0.643029 0.227163 0.055288 0.050481
