0 0.376202 0.568510 0.069712 0.074519
0 0.210337 0.545673 0.060096 0.062500
0 0.138221 0.496394 0.055288 0.064904
0 0.556490 0.538462 0.074519 0.076923
0 0.723558 0.525240 0.067308 0.069712
0 0.423077 0.429087 0.072115 0.074519
0 0.223558 0.421875 0.062500 0.064904
0 0.308894 0.401442 0.069712 0.072115
0 0.197115 0.322115 0.052885 0.057692
0 0.242788 0.240385 0.048077 0.052885
0 0.328125 0.289663 0.074519 0.060096
0 0.358173 0.213942 0.057692 0.057692
0 0.486779 0.209135 0.064904 0.048077
0 0.558894 0.358173 0.069712 0.076923
0 0.657452 0.408654 0.074519 0.072115
0 0.561298 0.263221 0.060096 0.060096
0 0.641827 0.228365 0.062500 0.057692
0 0.721154 0.259615 0.048077 0.052885
0 0.747596 0.365385 0.057692 0.057692
