0 0.377404 0.567308 0.076923 0.067308
0 0.554087 0.537260 0.074519 0.074519
0 0.721154 0.525240 0.072115 0.069712
0 0.750000 0.366587 0.052885 0.060096
0 0.655048 0.406250 0.064904 0.072115
0 0.557692 0.353365 0.067308 0.072115
0 0.557692 0.265625 0.057692 0.060096
0 0.639423 0.225962 0.057692 0.048077
0 0.718750 0.260817 0.048077 0.050481
0 0.483173 0.209135 0.062500 0.048077
0 0.429087 0.427885 0.084135 0.076923
0 0.210337 0.546875 0.060096 0.064904
0 0.134615 0.492788 0.062500 0.057692
0 0.218750 0.415865 0.062500 0.062500
0 0.308894 0.402644 0.064904 0.069712
0 0.325721 0.289663 0.069712 0.055288
0 0.354567 0.213942 0.064904 0.052885
0 0.245192 0.239183 0.057692 0.050481
0 0.197115 0.319712 0.057692 0.057692
