0 0.138221 0.496394 0.055288 0.060096
0 0.211538 0.548077 0.057692 0.067308
0 0.373798 0.563702 0.069712 0.074519
0 0.454327 0.573317 0.067308 0.069712
0 0.520433 0.653846 0.074519 0.067308
0 0.637019 0.616587 0.038462 0.040865
0 0.557692 0.548077 0.076923 0.072115
0 0.199519 0.322115 0.067308 0.057692
0 0.221154 0.418269 0.062500 0.072115
0 0.326923 0.311298 0.067308 0.055288
0 0.307692 0.405048 0.062500 0.069712
0 0.425481 0.430288 0.076923 0.067308
0 0.546875 0.396635 0.064904 0.067308
0 0.650240 0.431490 0.069712 0.064904
0 0.692308 0.491587 0.033654 0.036058
0 0.725962 0.462740 0.048077 0.040865
0 0.733173 0.266827 0.043269 0.048077
0 0.450721 0.274038 0.050481 0.048077
