0 0.521635 0.651442 0.072115 0.076923
0 0.560096 0.548077 0.067308 0.072115
0 0.639423 0.612981 0.038462 0.043269
0 0.691106 0.487981 0.036058 0.043269
0 0.723558 0.460337 0.048077 0.040865
0 0.650240 0.432692 0.060096 0.067308
0 0.731971 0.263221 0.031250 0.050481
0 0.451923 0.276442 0.057692 0.052885
0 0.546875 0.397837 0.074519 0.064904
0 0.430288 0.435096 0.086538 0.076923
0 0.454327 0.569712 0.067308 0.076923
0 0.371394 0.567308 0.069712 0.072115
0 0.212740 0.545673 0.069712 0.062500
0 0.138221 0.492788 0.055288 0.067308
0 0.219952 0.419471 0.060096 0.060096
0 0.308894 0.403846 0.069712 0.067308
0 0.329327 0.310096 0.062500 0.057692
0 0.197115 0.320913 0.062500 0.050481
