0 0.137019 0.496394 0.043269 0.064904
0 0.209135 0.548077 0.067308 0.062500
0 0.373798 0.566106 0.074519 0.074519
0 0.455529 0.574519 0.064904 0.076923
0 0.519231 0.655048 0.072115 0.074519
0 0.637019 0.615385 0.048077 0.028846
0 0.560096 0.543269 0.076923 0.072115
0 0.692308 0.492788 0.038462 0.043269
0 0.723558 0.461538 0.043269 0.048077
0 0.653846 0.435096 0.072115 0.062500
0 0.548077 0.396635 0.067308 0.062500
0 0.427885 0.431490 0.076923 0.069712
0 0.311298 0.402644 0.069712 0.069712
0 0.221154 0.421875 0.067308 0.064904
0 0.199519 0.323317 0.052885 0.064904
0 0.330529 0.312500 0.064904 0.062500
0 0.449519 0.275240 0.057692 0.050481
0 0.733173 0.265625 0.043269 0.050481
