0 0.138221 0.493990 0.050481 0.069712
0 0.212740 0.546875 0.064904 0.064904
0 0.375000 0.568510 0.072115 0.079327
0 0.457933 0.570913 0.069712 0.074519
0 0.520433 0.653846 0.074519 0.067308
0 0.637019 0.618990 0.057692 0.036058
0 0.558894 0.545673 0.064904 0.062500
0 0.688702 0.491587 0.036058 0.036058
0 0.724760 0.463942 0.050481 0.043269
0 0.650240 0.433894 0.060096 0.069712
0 0.545673 0.395433 0.067308 0.069712
0 0.426683 0.430288 0.074519 0.086538
0 0.313702 0.403846 0.074519 0.067308
0 0.223558 0.420673 0.062500 0.062500
0 0.198317 0.320913 0.050481 0.050481
0 0.325721 0.310096 0.060096 0.062500
0 0.451923 0.274038 0.048077 0.043269
0 0.725962 0.150240 0.043269 0.036058
