0 0.139423 0.491587 0.052885 0.064904
0 0.212740 0.548077 0.060096 0.072115
0 0.372596 0.568510 0.076923 0.069712
0 0.455529 0.569712 0.069712 0.067308
0 0.521635 0.652644 0.081731 0.069712
0 0.638221 0.620192 0.050481 0.038462
0 0.558894 0.544471 0.060096 0.084135
0 0.686298 0.491587 0.036058 0.036058
0 0.724760 0.463942 0.055288 0.043269
0 0.651442 0.435096 0.062500 0.076923
0 0.548077 0.396635 0.076923 0.072115
0 0.429087 0.426683 0.084135 0.064904
0 0.311298 0.397837 0.064904 0.074519
0 0.221154 0.419471 0.057692 0.060096
0 0.198317 0.318510 0.050481 0.050481
0 0.330529 0.312500 0.069712 0.062500
0 0.453125 0.274038 0.060096 0.057692
