0 0.135817 0.492788 0.045673 0.062500
0 0.524038 0.650240 0.100962 0.074519
0 0.637019 0.616587 0.038462 0.040865
0 0.689904 0.492788 0.043269 0.043269
0 0.722356 0.462740 0.055288 0.055288
0 0.650240 0.431490 0.064904 0.069712
0 0.558894 0.543269 0.069712 0.072115
0 0.455529 0.568510 0.074519 0.074519
0 0.372596 0.567308 0.081731 0.081731
0 0.212740 0.543269 0.069712 0.062500
0 0.227163 0.424279 0.074519 0.060096
0 0.310096 0.397837 0.076923 0.060096
0 0.427885 0.433894 0.072115 0.074519
0 0.549279 0.399038 0.079327 0.067308
0 0.456731 0.277644 0.057692 0.055288
0 0.331731 0.314904 0.072115 0.062500
0 0.198317 0.324519 0.055288 0.057692
