0 0.213942 0.266827 0.052885 0.052885
0 0.313702 0.330529 0.064904 0.064904
0 0.450721 0.318510 0.069712 0.069712
0 0.513221 0.224760 0.064904 0.064904
0 0.727163 0.268029 0.064904 0.064904
0 0.748798 0.409856 0.064904 0.064904
0 0.611779 0.477163 0.069712 0.069712
0 0.385817 0.453125 0.069712 0.069712
0 0.182692 0.401442 0.057692 0.057692
0 0.164663 0.551683 0.064904 0.064904
0 0.219952 0.602163 0.060096 0.060096
0 0.370192 0.605769 0.076923 0.076923
0 0.519231 0.646635 0.081731 0.081731
0 0.621394 0.638221 0.069712 0.069712
0 0.757212 0.610577 0.062500 0.062500
