0 0.133413 0.493990 0.055288 0.060096
0 0.211538 0.550481 0.062500 0.072115
0 0.375000 0.566106 0.081731 0.064904
0 0.449519 0.570913 0.067308 0.069712
0 0.518029 0.651442 0.069712 0.062500
0 0.641827 0.612981 0.067308 0.033654
0 0.686298 0.490385 0.036058 0.033654
0 0.721154 0.465144 0.048077 0.050481
0 0.656250 0.432692 0.062500 0.067308
0 0.430288 0.431490 0.081731 0.069712
0 0.549279 0.397837 0.079327 0.064904
0 0.457933 0.276442 0.064904 0.048077
0 0.332933 0.313702 0.079327 0.069712
0 0.310096 0.397837 0.072115 0.064904
0 0.222356 0.418269 0.055288 0.062500
0 0.195913 0.320913 0.055288 0.060096
