0 0.217548 0.265625 0.060096 0.060096
0 0.313702 0.335337 0.064904 0.064904
0 0.450721 0.316106 0.069712 0.069712
0 0.727163 0.263221 0.064904 0.064904
0 0.750000 0.411058 0.072115 0.072115
0 0.609375 0.479567 0.074519 0.074519
0 0.387019 0.451923 0.076923 0.076923
0 0.756010 0.611779 0.060096 0.060096
0 0.627404 0.641827 0.076923 0.076923
0 0.519231 0.646635 0.081731 0.081731
0 0.366587 0.606971 0.079327 0.079327
0 0.218750 0.598558 0.072115 0.072115
0 0.162260 0.551683 0.064904 0.064904
0 0.177885 0.403846 0.062500 0.062500
