0 0.217548 0.265625 0.055288 0.055288
0 0.311298 0.332933 0.064904 0.064904
0 0.445913 0.320913 0.069712 0.069712
0 0.728365 0.264423 0.057692 0.057692
0 0.750000 0.408654 0.062500 0.062500
0 0.754808 0.610577 0.062500 0.062500
0 0.626202 0.638221 0.074519 0.074519
0 0.513221 0.647837 0.079327 0.079327
0 0.370192 0.605769 0.081731 0.081731
0 0.385817 0.450721 0.074519 0.074519
0 0.612981 0.480769 0.072115 0.072115
0 0.185096 0.406250 0.067308 0.067308
0 0.157452 0.551683 0.060096 0.060096
0 0.224760 0.599760 0.074519 0.074519
