0 0.218750 0.264423 0.052885 0.052885
0 0.299279 0.239183 0.060096 0.060096
0 0.182692 0.346154 0.052885 0.052885
0 0.258413 0.344952 0.060096 0.060096
0 0.371394 0.359375 0.064904 0.064904
0 0.506010 0.356971 0.069712 0.069712
0 0.656250 0.384615 0.067308 0.067308
0 0.781250 0.324519 0.052885 0.052885
0 0.762019 0.403846 0.052885 0.052885
0 0.763221 0.491587 0.064904 0.064904
0 0.662260 0.493990 0.064904 0.064904
0 0.526442 0.514423 0.072115 0.072115
0 0.355769 0.487981 0.072115 0.072115
0 0.251202 0.465144 0.069712 0.069712
0 0.173077 0.449519 0.062500 0.062500
0 0.167067 0.554087 0.064904 0.064904
0 0.227163 0.606971 0.069712 0.069712
0 0.365385 0.612981 0.072115 0.072115
0 0.509615 0.644231 0.072115 0.072115
0 0.622596 0.632212 0.067308 0.067308
0 0.753606 0.611779 0.064904 0.064904
