0 0.258413 0.248798 0.060096 0.060096
0 0.228365 0.331731 0.057692 0.057692
0 0.134615 0.420673 0.062500 0.062500
0 0.164663 0.549279 0.069712 0.069712
0 0.222356 0.599760 0.064904 0.064904
0 0.368990 0.609375 0.074519 0.074519
0 0.395433 0.484375 0.074519 0.074519
0 0.483173 0.372596 0.072115 0.072115
0 0.480769 0.223558 0.067308 0.067308
0 0.625000 0.271635 0.062500 0.062500
0 0.700721 0.306490 0.055288 0.055288
0 0.746394 0.412260 0.069712 0.069712
0 0.604567 0.477163 0.064904 0.064904
0 0.763221 0.614183 0.074519 0.074519
0 0.625000 0.634615 0.072115 0.072115
0 0.508413 0.640625 0.074519 0.074519
