0 0.262019 0.250000 0.052885 0.052885
0 0.224760 0.330529 0.060096 0.060096
0 0.139423 0.423077 0.067308 0.067308
0 0.161058 0.550481 0.067308 0.067308
0 0.219952 0.597356 0.074519 0.074519
0 0.371394 0.609375 0.079327 0.079327
0 0.394231 0.487981 0.076923 0.076923
0 0.489183 0.368990 0.074519 0.074519
0 0.474760 0.224760 0.060096 0.060096
0 0.622596 0.276442 0.062500 0.062500
0 0.703125 0.311298 0.064904 0.064904
0 0.745192 0.408654 0.062500 0.062500
0 0.611779 0.477163 0.079327 0.079327
0 0.758413 0.611779 0.064904 0.064904
0 0.625000 0.641827 0.072115 0.072115
0 0.515625 0.650240 0.074519 0.074519
