0 0.171875 0.516827 0.069712 0.072115
0 0.491587 0.472356 0.088942 0.079327
0 0.265625 0.393029 0.079327 0.069712
0 0.277644 0.518029 0.079327 0.074519
0 0.200721 0.611779 0.079327 0.079327
0 0.412260 0.649038 0.084135 0.086538
0 0.528846 0.649038 0.086538 0.086538
0 0.650240 0.543269 0.079327 0.067308
0 0.775240 0.520433 0.064904 0.064904
0 0.278846 0.694712 0.076923 0.081731
0 0.144231 0.750000 0.052885 0.067308
0 0.198317 0.742788 0.050481 0.057692
0 0.193510 0.824519 0.050481 0.057692
0 0.388221 0.790865 0.060096 0.086538
0 0.545673 0.805288 0.062500 0.062500
0 0.699519 0.673077 0.062500 0.062500
0 0.750000 0.728365 0.057692 0.062500
0 0.680288 0.802885 0.062500 0.072115
0 0.292067 0.847356 0.074519 0.050481
