0 0.175481 0.600962 0.062500 0.081731
0 0.254808 0.633413 0.072115 0.079327
0 0.295673 0.391827 0.072115 0.067308
0 0.188702 0.417067 0.079327 0.060096
0 0.397837 0.430288 0.079327 0.086538
0 0.620192 0.492788 0.086538 0.067308
0 0.661058 0.635817 0.081731 0.103365
0 0.413462 0.710337 0.072115 0.093750
0 0.496394 0.781250 0.084135 0.091346
0 0.520433 0.638221 0.079327 0.088942
0 0.375000 0.550481 0.091346 0.081731
0 0.235577 0.722356 0.076923 0.064904
0 0.337740 0.790865 0.074519 0.067308
0 0.278846 0.507212 0.091346 0.081731
