0 0.296875 0.393029 0.069712 0.079327
0 0.390625 0.429087 0.084135 0.074519
0 0.186298 0.421875 0.064904 0.074519
0 0.174279 0.609375 0.074519 0.084135
0 0.257212 0.634615 0.076923 0.081731
0 0.240385 0.719952 0.081731 0.079327
0 0.409856 0.707933 0.079327 0.093750
0 0.344952 0.788462 0.079327 0.076923
0 0.519231 0.629808 0.076923 0.086538
0 0.618990 0.492788 0.088942 0.081731
0 0.670673 0.639423 0.081731 0.076923
0 0.275240 0.501202 0.074519 0.069712
0 0.370192 0.557692 0.076923 0.081731
0 0.492788 0.786058 0.076923 0.091346
