0 0.188702 0.419471 0.079327 0.069712
0 0.299279 0.393029 0.074519 0.079327
0 0.280048 0.502404 0.088942 0.081731
0 0.173077 0.602163 0.072115 0.079327
0 0.254808 0.635817 0.076923 0.074519
0 0.236779 0.723558 0.088942 0.072115
0 0.343750 0.788462 0.076923 0.081731
0 0.412260 0.717548 0.088942 0.069712
0 0.373798 0.555288 0.088942 0.072115
0 0.396635 0.426683 0.081731 0.074519
0 0.627404 0.498798 0.096154 0.084135
0 0.671875 0.632212 0.069712 0.072115
0 0.516827 0.628606 0.081731 0.074519
0 0.496394 0.787260 0.079327 0.088942
