0 0.195913 0.265625 0.060096 0.060096
0 0.295673 0.262019 0.048077 0.048077
0 0.475962 0.372596 0.048077 0.048077
0 0.159856 0.549279 0.069712 0.069712
0 0.219952 0.599760 0.069712 0.069712
0 0.368990 0.614183 0.074519 0.074519
0 0.524038 0.639423 0.076923 0.076923
0 0.622596 0.269231 0.067308 0.067308
0 0.685096 0.396635 0.052885 0.052885
0 0.588942 0.442308 0.062500 0.062500
0 0.645433 0.544471 0.060096 0.060096
0 0.733173 0.456731 0.062500 0.062500
0 0.796875 0.477163 0.055288 0.055288
0 0.756010 0.614183 0.074519 0.074519
0 0.650240 0.643029 0.074519 0.074519
