0 0.185096 0.411058 0.072115 0.062500
0 0.296875 0.389423 0.079327 0.067308
0 0.393029 0.430288 0.074519 0.081731
0 0.626202 0.486779 0.079327 0.084135
0 0.669471 0.629808 0.074519 0.086538
0 0.520433 0.632212 0.074519 0.091346
0 0.629808 0.781250 0.067308 0.081731
0 0.495192 0.787260 0.091346 0.069712
0 0.411058 0.709135 0.086538 0.081731
0 0.335337 0.792067 0.088942 0.084135
0 0.237981 0.725962 0.076923 0.086538
0 0.209135 0.622596 0.091346 0.091346
0 0.283654 0.506010 0.086538 0.088942
0 0.375000 0.548077 0.086538 0.105769
