0 0.258413 0.393029 0.069712 0.074519
0 0.486779 0.467548 0.088942 0.084135
0 0.651442 0.534856 0.076923 0.084135
0 0.774038 0.522837 0.067308 0.088942
0 0.693510 0.673077 0.060096 0.096154
0 0.752404 0.723558 0.052885 0.081731
0 0.531250 0.656250 0.091346 0.076923
0 0.405048 0.652644 0.088942 0.088942
0 0.388221 0.804087 0.064904 0.069712
0 0.274038 0.695913 0.067308 0.093750
0 0.205529 0.615385 0.084135 0.062500
0 0.280048 0.518029 0.093750 0.079327
0 0.168269 0.507212 0.076923 0.086538
0 0.144231 0.747596 0.052885 0.057692
0 0.198317 0.742788 0.055288 0.072115
0 0.191106 0.829327 0.064904 0.057692
0 0.289663 0.854567 0.050481 0.055288
0 0.533654 0.795673 0.072115 0.076923
0 0.675481 0.799279 0.076923 0.055288
