0 0.292067 0.385817 0.079327 0.088942
0 0.401442 0.430288 0.081731 0.081731
0 0.623798 0.480769 0.074519 0.076923
0 0.676683 0.635817 0.074519 0.103365
0 0.515625 0.632212 0.093750 0.081731
0 0.627404 0.777644 0.076923 0.088942
0 0.493990 0.786058 0.074519 0.076923
0 0.411058 0.710337 0.076923 0.084135
0 0.335337 0.789663 0.074519 0.084135
0 0.225962 0.722356 0.086538 0.084135
0 0.197115 0.633413 0.076923 0.074519
0 0.277644 0.504808 0.074519 0.081731
0 0.189904 0.414663 0.062500 0.064904
0 0.370192 0.551683 0.072115 0.074519
