0 0.295673 0.393029 0.072115 0.069712
0 0.390625 0.424279 0.074519 0.088942
0 0.622596 0.487981 0.081731 0.086538
0 0.673077 0.638221 0.067308 0.084135
0 0.519231 0.633413 0.076923 0.079327
0 0.627404 0.782452 0.086538 0.084135
0 0.502404 0.787260 0.086538 0.084135
0 0.409856 0.711538 0.079327 0.091346
0 0.344952 0.790865 0.079327 0.091346
0 0.230769 0.724760 0.076923 0.069712
0 0.199519 0.627404 0.081731 0.081731
0 0.276442 0.504808 0.067308 0.086538
0 0.371394 0.542067 0.079327 0.093750
0 0.193510 0.419471 0.064904 0.079327
