0 0.194712 0.266827 0.062500 0.062500
0 0.294471 0.265625 0.050481 0.050481
0 0.626202 0.268029 0.069712 0.069712
0 0.474760 0.364183 0.050481 0.050481
0 0.687500 0.399038 0.043269 0.043269
0 0.736779 0.453125 0.055288 0.055288
0 0.795673 0.480769 0.057692 0.057692
0 0.640625 0.542067 0.050481 0.050481
0 0.590144 0.441106 0.050481 0.050481
0 0.163462 0.548077 0.062500 0.062500
0 0.221154 0.600962 0.067308 0.067308
0 0.366587 0.614183 0.074519 0.074519
0 0.524038 0.646635 0.076923 0.076923
0 0.650240 0.645433 0.069712 0.069712
0 0.753606 0.616587 0.069712 0.069712
