0 0.268029 0.387019 0.079327 0.062500
0 0.489183 0.467548 0.088942 0.069712
0 0.652644 0.533654 0.074519 0.076923
0 0.769231 0.518029 0.062500 0.069712
0 0.689904 0.665865 0.067308 0.072115
0 0.756010 0.725962 0.050481 0.067308
0 0.682692 0.800481 0.062500 0.067308
0 0.549279 0.807692 0.079327 0.076923
0 0.533654 0.650240 0.081731 0.079327
0 0.407452 0.657452 0.074519 0.064904
0 0.387019 0.795673 0.067308 0.067308
0 0.290865 0.847356 0.067308 0.045673
0 0.193510 0.826923 0.055288 0.057692
0 0.144231 0.747596 0.043269 0.057692
0 0.201923 0.739183 0.057692 0.055288
0 0.275240 0.699519 0.079327 0.067308
0 0.197115 0.610577 0.067308 0.067308
0 0.168269 0.507212 0.062500 0.067308
0 0.274038 0.513221 0.072115 0.069712
