0 0.262019 0.393029 0.057692 0.069712
0 0.493990 0.473558 0.074519 0.081731
0 0.277644 0.515625 0.088942 0.074519
0 0.657452 0.544471 0.079327 0.069712
0 0.774038 0.526442 0.057692 0.062500
0 0.752404 0.724760 0.052885 0.064904
0 0.689904 0.669471 0.076923 0.060096
0 0.675481 0.811298 0.067308 0.060096
0 0.543269 0.805288 0.072115 0.067308
0 0.531250 0.653846 0.081731 0.081731
0 0.407452 0.655048 0.093750 0.084135
0 0.280048 0.704327 0.074519 0.052885
0 0.393029 0.807692 0.074519 0.076923
0 0.300481 0.850962 0.067308 0.048077
0 0.200721 0.825721 0.064904 0.055288
0 0.146635 0.740385 0.048077 0.067308
