0 0.219952 0.258413 0.060096 0.060096
0 0.294471 0.239183 0.060096 0.060096
0 0.191106 0.347356 0.064904 0.064904
0 0.270433 0.349760 0.064904 0.064904
0 0.168269 0.444712 0.062500 0.062500
0 0.254808 0.466346 0.076923 0.076923
0 0.170673 0.552885 0.067308 0.067308
0 0.228365 0.608173 0.067308 0.067308
0 0.362981 0.610577 0.072115 0.072115
0 0.356971 0.486779 0.069712 0.069712
0 0.373798 0.359375 0.074519 0.074519
0 0.502404 0.353365 0.076923 0.076923
0 0.512019 0.646635 0.081731 0.081731
0 0.621394 0.633413 0.074519 0.074519
0 0.750000 0.612981 0.062500 0.062500
0 0.669471 0.493990 0.074519 0.074519
0 0.763221 0.491587 0.064904 0.064904
0 0.661058 0.379808 0.072115 0.072115
0 0.788462 0.329327 0.067308 0.067308
0 0.768029 0.407452 0.064904 0.064904
