0 0.187500 0.290865 0.062500 0.062500
0 0.185096 0.384615 0.057692 0.057692
0 0.157452 0.549279 0.064904 0.064904
0 0.223558 0.600962 0.072115 0.072115
0 0.276442 0.451923 0.072115 0.072115
0 0.361779 0.311298 0.064904 0.064904
0 0.403846 0.216346 0.062500 0.062500
0 0.704327 0.286058 0.057692 0.057692
0 0.625000 0.370192 0.072115 0.072115
0 0.500000 0.487981 0.086538 0.086538
0 0.367788 0.615385 0.076923 0.076923
0 0.526442 0.649038 0.081731 0.081731
0 0.646635 0.639423 0.076923 0.076923
0 0.753606 0.614183 0.069712 0.069712
