0 0.264423 0.385817 0.067308 0.060096
0 0.491587 0.466346 0.069712 0.067308
0 0.650240 0.532452 0.079327 0.069712
0 0.774038 0.518029 0.067308 0.050481
0 0.697115 0.667067 0.076923 0.064904
0 0.754808 0.727163 0.057692 0.055288
0 0.687500 0.804087 0.076923 0.064904
0 0.544471 0.801683 0.074519 0.064904
0 0.543269 0.658654 0.081731 0.076923
0 0.418269 0.663462 0.096154 0.086538
0 0.274038 0.525240 0.081731 0.074519
0 0.151442 0.745192 0.062500 0.057692
0 0.276442 0.704327 0.076923 0.062500
0 0.383413 0.802885 0.069712 0.062500
0 0.193510 0.832933 0.060096 0.040865
0 0.289663 0.856971 0.060096 0.045673
