0 0.183894 0.287260 0.060096 0.060096
0 0.355769 0.314904 0.076923 0.076923
0 0.405048 0.217548 0.069712 0.069712
0 0.705529 0.289663 0.064904 0.064904
0 0.623798 0.368990 0.074519 0.074519
0 0.183894 0.385817 0.069712 0.069712
0 0.274038 0.456731 0.067308 0.067308
0 0.163462 0.550481 0.072115 0.072115
0 0.223558 0.600962 0.076923 0.076923
0 0.367788 0.615385 0.081731 0.081731
0 0.500000 0.485577 0.086538 0.086538
0 0.522837 0.643029 0.084135 0.084135
0 0.647837 0.638221 0.074519 0.074519
0 0.757212 0.615385 0.072115 0.072115
