0 0.257212 0.387019 0.067308 0.067308
0 0.490385 0.462740 0.076923 0.064904
0 0.265625 0.522837 0.084135 0.069712
0 0.409856 0.661058 0.079327 0.076923
0 0.525240 0.655048 0.079327 0.074519
0 0.662260 0.540865 0.060096 0.067308
0 0.777644 0.518029 0.055288 0.064904
0 0.689904 0.670673 0.067308 0.062500
0 0.752404 0.727163 0.048077 0.069712
0 0.680288 0.802885 0.067308 0.062500
0 0.539663 0.810096 0.064904 0.067308
0 0.390625 0.802885 0.074519 0.076923
0 0.282452 0.697115 0.079327 0.067308
0 0.146635 0.754808 0.048077 0.052885
0 0.189904 0.824519 0.052885 0.048077
0 0.290865 0.858173 0.048077 0.057692
