0 0.182692 0.290865 0.062500 0.062500
0 0.186298 0.383413 0.064904 0.064904
0 0.159856 0.546875 0.064904 0.064904
0 0.217548 0.599760 0.069712 0.069712
0 0.278846 0.454327 0.076923 0.076923
0 0.360577 0.314904 0.067308 0.067308
0 0.406250 0.216346 0.067308 0.067308
0 0.562500 0.237981 0.062500 0.062500
0 0.709135 0.293269 0.067308 0.067308
0 0.626202 0.366587 0.074519 0.074519
0 0.496394 0.489183 0.088942 0.088942
0 0.377404 0.617788 0.081731 0.081731
0 0.524038 0.646635 0.081731 0.081731
0 0.644231 0.639423 0.076923 0.076923
0 0.758413 0.616587 0.079327 0.079327
