0 0.191106 0.289663 0.064904 0.064904
0 0.192308 0.384615 0.081731 0.081731
0 0.164663 0.546875 0.069712 0.069712
0 0.274038 0.454327 0.067308 0.067308
0 0.400240 0.215144 0.060096 0.060096
0 0.360577 0.307692 0.072115 0.072115
0 0.222356 0.599760 0.069712 0.069712
0 0.364183 0.616587 0.079327 0.079327
0 0.493990 0.484375 0.079327 0.079327
0 0.568510 0.231971 0.060096 0.060096
0 0.522837 0.645433 0.074519 0.074519
0 0.645433 0.633413 0.074519 0.074519
0 0.751202 0.614183 0.074519 0.074519
0 0.625000 0.375000 0.081731 0.081731
0 0.709135 0.288462 0.067308 0.067308
0 0.637019 0.218750 0.057692 0.057692
