0 0.193510 0.287260 0.064904 0.064904
0 0.402644 0.215144 0.060096 0.060096
0 0.365385 0.310096 0.076923 0.076923
0 0.179087 0.383413 0.064904 0.064904
0 0.162260 0.546875 0.069712 0.069712
0 0.272837 0.455529 0.064904 0.064904
0 0.229567 0.597356 0.074519 0.074519
0 0.373798 0.609375 0.088942 0.088942
0 0.498798 0.486779 0.084135 0.084135
0 0.561298 0.229567 0.064904 0.064904
0 0.634615 0.223558 0.067308 0.067308
0 0.709135 0.293269 0.076923 0.076923
0 0.757212 0.432692 0.072115 0.072115
0 0.618990 0.364183 0.064904 0.064904
0 0.644231 0.637019 0.072115 0.072115
0 0.756010 0.609375 0.069712 0.069712
0 0.525240 0.650240 0.084135 0.084135
