0 0.183894 0.289663 0.060096 0.060096
0 0.182692 0.382212 0.057692 0.057692
0 0.161058 0.548077 0.067308 0.067308
0 0.223558 0.598558 0.067308 0.067308
0 0.277644 0.455529 0.064904 0.064904
0 0.371394 0.616587 0.079327 0.079327
0 0.526442 0.646635 0.076923 0.076923
0 0.647837 0.638221 0.074519 0.074519
0 0.752404 0.612981 0.072115 0.072115
0 0.760817 0.431490 0.069712 0.069712
0 0.495192 0.485577 0.081731 0.081731
0 0.621394 0.368990 0.074519 0.074519
0 0.710337 0.289663 0.064904 0.064904
0 0.643029 0.219952 0.064904 0.064904
0 0.561298 0.236779 0.069712 0.069712
0 0.403846 0.213942 0.062500 0.062500
0 0.354567 0.306490 0.074519 0.074519
