0 0.217548 0.260817 0.055288 0.055288
0 0.290865 0.237981 0.052885 0.052885
0 0.180288 0.346154 0.057692 0.057692
0 0.265625 0.349760 0.060096 0.060096
0 0.362981 0.358173 0.062500 0.062500
0 0.496394 0.354567 0.069712 0.069712
0 0.169471 0.448317 0.069712 0.069712
0 0.252404 0.459135 0.067308 0.067308
0 0.356971 0.486779 0.084135 0.084135
0 0.168269 0.550481 0.062500 0.062500
0 0.230769 0.600962 0.076923 0.076923
0 0.368990 0.611779 0.084135 0.084135
0 0.515625 0.645433 0.074519 0.074519
0 0.620192 0.632212 0.072115 0.072115
0 0.756010 0.611779 0.069712 0.069712
0 0.662260 0.493990 0.074519 0.074519
0 0.657452 0.378606 0.069712 0.069712
0 0.778846 0.324519 0.057692 0.057692
0 0.757212 0.401442 0.067308 0.067308
0 0.759615 0.492788 0.072115 0.072115
