0 0.218750 0.257212 0.052885 0.052885
0 0.295673 0.237981 0.062500 0.062500
0 0.185096 0.343750 0.057692 0.057692
0 0.263221 0.349760 0.064904 0.064904
0 0.366587 0.354567 0.064904 0.064904
0 0.491587 0.352163 0.069712 0.069712
0 0.657452 0.381010 0.064904 0.064904
0 0.781250 0.322115 0.057692 0.057692
0 0.760817 0.397837 0.069712 0.069712
0 0.164663 0.450721 0.064904 0.064904
0 0.253606 0.460337 0.074519 0.074519
0 0.354567 0.479567 0.084135 0.084135
0 0.759615 0.495192 0.067308 0.067308
0 0.752404 0.610577 0.057692 0.057692
0 0.610577 0.634615 0.076923 0.076923
0 0.512019 0.641827 0.086538 0.086538
0 0.364183 0.616587 0.084135 0.084135
0 0.228365 0.603365 0.076923 0.076923
0 0.163462 0.552885 0.067308 0.067308
