0 0.221154 0.257212 0.057692 0.057692
0 0.295673 0.235577 0.057692 0.057692
0 0.185096 0.346154 0.062500 0.062500
0 0.258413 0.347356 0.064904 0.064904
0 0.168269 0.454327 0.062500 0.062500
0 0.250000 0.459135 0.057692 0.057692
0 0.157452 0.551683 0.060096 0.060096
0 0.224760 0.602163 0.069712 0.069712
0 0.352163 0.496394 0.079327 0.079327
0 0.356971 0.614183 0.074519 0.074519
0 0.500000 0.348558 0.072115 0.072115
0 0.510817 0.650240 0.074519 0.074519
0 0.626202 0.633413 0.074519 0.074519
0 0.757212 0.617788 0.081731 0.081731
0 0.764423 0.487981 0.072115 0.072115
0 0.664663 0.381010 0.074519 0.074519
0 0.782452 0.325721 0.060096 0.060096
0 0.768029 0.405048 0.060096 0.060096
