0 0.212740 0.260817 0.060096 0.060096
0 0.295673 0.235577 0.057692 0.057692
0 0.183894 0.340144 0.055288 0.055288
0 0.260817 0.349760 0.064904 0.064904
0 0.173077 0.451923 0.062500 0.062500
0 0.246394 0.462740 0.064904 0.064904
0 0.349760 0.493990 0.074519 0.074519
0 0.159856 0.554087 0.060096 0.060096
0 0.218750 0.605769 0.067308 0.067308
0 0.358173 0.615385 0.076923 0.076923
0 0.513221 0.650240 0.074519 0.074519
0 0.620192 0.639423 0.072115 0.072115
0 0.752404 0.612981 0.057692 0.057692
0 0.766827 0.492788 0.067308 0.067308
0 0.763221 0.400240 0.055288 0.055288
0 0.778846 0.324519 0.052885 0.052885
0 0.593750 0.394231 0.048077 0.048077
