0 0.234375 0.231971 0.055288 0.055288
0 0.187500 0.334135 0.062500 0.062500
0 0.216346 0.415865 0.062500 0.062500
0 0.219952 0.578125 0.069712 0.069712
0 0.421875 0.590144 0.084135 0.084135
0 0.615385 0.644231 0.072115 0.072115
0 0.760817 0.606971 0.060096 0.060096
0 0.745192 0.444712 0.067308 0.067308
0 0.550481 0.403846 0.072115 0.072115
0 0.364183 0.342548 0.069712 0.069712
0 0.349760 0.224760 0.060096 0.060096
0 0.451923 0.213942 0.062500 0.062500
0 0.587740 0.251202 0.064904 0.064904
0 0.713942 0.276442 0.057692 0.057692
