0 0.231971 0.231971 0.055288 0.055288
0 0.347356 0.227163 0.055288 0.055288
0 0.450721 0.215144 0.060096 0.060096
0 0.599760 0.251202 0.079327 0.079327
0 0.716346 0.276442 0.072115 0.072115
0 0.180288 0.329327 0.062500 0.062500
0 0.362981 0.341346 0.072115 0.072115
0 0.218750 0.420673 0.072115 0.072115
0 0.215144 0.582933 0.074519 0.074519
0 0.420673 0.591346 0.086538 0.086538
0 0.615385 0.644231 0.076923 0.076923
0 0.760817 0.606971 0.069712 0.069712
0 0.743990 0.445913 0.064904 0.064904
0 0.549279 0.405048 0.074519 0.074519
