0 0.233173 0.233173 0.057692 0.057692
0 0.350962 0.221154 0.062500 0.062500
0 0.455529 0.210337 0.064904 0.064904
0 0.572115 0.237981 0.062500 0.062500
0 0.639423 0.228365 0.062500 0.062500
0 0.716346 0.274038 0.062500 0.062500
0 0.181490 0.337740 0.060096 0.060096
0 0.361779 0.344952 0.069712 0.069712
0 0.213942 0.420673 0.062500 0.062500
0 0.217548 0.580529 0.069712 0.069712
0 0.423077 0.588942 0.076923 0.076923
0 0.551683 0.407452 0.074519 0.074519
0 0.612981 0.641827 0.067308 0.067308
0 0.758413 0.604567 0.064904 0.064904
0 0.742788 0.449519 0.072115 0.072115
