0 0.228365 0.233173 0.048077 0.048077
0 0.185096 0.338942 0.062500 0.062500
0 0.216346 0.420673 0.062500 0.062500
0 0.213942 0.579327 0.067308 0.067308
0 0.426683 0.587740 0.074519 0.074519
0 0.615385 0.646635 0.076923 0.076923
0 0.763221 0.606971 0.069712 0.069712
0 0.747596 0.444712 0.067308 0.067308
0 0.545673 0.406250 0.076923 0.076923
0 0.359375 0.344952 0.069712 0.069712
0 0.347356 0.222356 0.060096 0.060096
0 0.448317 0.217548 0.064904 0.064904
0 0.572115 0.245192 0.057692 0.057692
0 0.634615 0.228365 0.057692 0.057692
0 0.717548 0.275240 0.060096 0.060096
