0 0.231971 0.234375 0.055288 0.055288
0 0.343750 0.225962 0.057692 0.057692
0 0.445913 0.215144 0.055288 0.055288
0 0.576923 0.247596 0.067308 0.067308
0 0.643029 0.229567 0.060096 0.060096
0 0.718750 0.274038 0.062500 0.062500
0 0.549279 0.400240 0.079327 0.079327
0 0.364183 0.347356 0.079327 0.079327
0 0.180288 0.338942 0.062500 0.062500
0 0.215144 0.419471 0.064904 0.064904
0 0.320913 0.474760 0.079327 0.079327
0 0.222356 0.578125 0.079327 0.079327
0 0.423077 0.593750 0.081731 0.081731
0 0.616587 0.650240 0.084135 0.084135
0 0.763221 0.604567 0.074519 0.074519
0 0.739183 0.445913 0.064904 0.064904
