0 0.217548 0.576923 0.084135 0.081731
0 0.423077 0.582933 0.091346 0.093750
0 0.596154 0.639423 0.091346 0.091346
0 0.736779 0.606971 0.093750 0.084135
0 0.723558 0.451923 0.091346 0.076923
0 0.703125 0.286058 0.069712 0.062500
0 0.634615 0.240385 0.057692 0.057692
0 0.569712 0.258413 0.067308 0.069712
0 0.542067 0.413462 0.088942 0.076923
0 0.361779 0.354567 0.079327 0.079327
0 0.449519 0.224760 0.062500 0.069712
0 0.350962 0.230769 0.067308 0.057692
0 0.239183 0.247596 0.069712 0.062500
0 0.188702 0.340144 0.074519 0.060096
0 0.222356 0.425481 0.079327 0.067308
0 0.325721 0.479567 0.088942 0.084135
