0 0.188702 0.341346 0.064904 0.062500
0 0.223558 0.425481 0.072115 0.067308
0 0.325721 0.480769 0.079327 0.076923
0 0.223558 0.579327 0.081731 0.072115
0 0.421875 0.591346 0.079327 0.086538
0 0.596154 0.635817 0.091346 0.088942
0 0.741587 0.608173 0.084135 0.076923
0 0.731971 0.448317 0.079327 0.064904
0 0.545673 0.411058 0.081731 0.072115
0 0.361779 0.349760 0.088942 0.074519
0 0.643029 0.352163 0.079327 0.074519
0 0.713942 0.280048 0.062500 0.069712
0 0.632212 0.234375 0.057692 0.060096
0 0.568510 0.252404 0.064904 0.062500
0 0.449519 0.219952 0.072115 0.069712
0 0.354567 0.235577 0.074519 0.067308
0 0.234375 0.247596 0.064904 0.067308
