0 0.234375 0.247596 0.069712 0.062500
0 0.191106 0.341346 0.069712 0.067308
0 0.222356 0.425481 0.074519 0.072115
0 0.229567 0.580529 0.093750 0.084135
0 0.325721 0.480769 0.084135 0.072115
0 0.425481 0.587740 0.091346 0.088942
0 0.600962 0.644231 0.086538 0.081731
0 0.745192 0.606971 0.081731 0.079327
0 0.728365 0.455529 0.091346 0.079327
0 0.539663 0.412260 0.093750 0.084135
0 0.373798 0.368990 0.093750 0.093750
0 0.346154 0.236779 0.067308 0.069712
0 0.453125 0.225962 0.079327 0.076923
0 0.562500 0.254808 0.072115 0.081731
0 0.634615 0.236779 0.057692 0.064904
0 0.711538 0.280048 0.067308 0.069712
0 0.644231 0.352163 0.081731 0.069712
