0 0.223558 0.248798 0.057692 0.060096
0 0.292067 0.211538 0.060096 0.057692
0 0.354567 0.235577 0.064904 0.067308
0 0.447115 0.224760 0.072115 0.060096
0 0.567308 0.252404 0.062500 0.072115
0 0.632212 0.235577 0.062500 0.062500
0 0.707933 0.277644 0.060096 0.064904
0 0.640625 0.348558 0.074519 0.067308
0 0.717548 0.449519 0.088942 0.081731
0 0.745192 0.606971 0.076923 0.084135
0 0.598558 0.637019 0.086538 0.100962
0 0.423077 0.586538 0.081731 0.096154
0 0.213942 0.579327 0.076923 0.086538
0 0.328125 0.480769 0.084135 0.081731
0 0.543269 0.417067 0.076923 0.088942
0 0.365385 0.353365 0.076923 0.076923
0 0.228365 0.430288 0.086538 0.072115
0 0.189904 0.342548 0.067308 0.064904
