0 0.295673 0.228365 0.062500 0.062500
0 0.221154 0.259615 0.057692 0.057692
0 0.183894 0.342548 0.060096 0.060096
0 0.263221 0.342548 0.064904 0.064904
0 0.168269 0.449519 0.072115 0.072115
0 0.163462 0.555288 0.067308 0.067308
0 0.218750 0.603365 0.067308 0.067308
0 0.346154 0.490385 0.076923 0.076923
0 0.364183 0.618990 0.084135 0.084135
0 0.593750 0.387019 0.057692 0.057692
0 0.512019 0.646635 0.086538 0.086538
0 0.631010 0.640625 0.084135 0.084135
0 0.757212 0.617788 0.072115 0.072115
0 0.769231 0.487981 0.076923 0.076923
0 0.764423 0.403846 0.076923 0.076923
0 0.778846 0.322115 0.062500 0.062500
