0 0.189904 0.340144 0.067308 0.069712
0 0.221154 0.427885 0.072115 0.072115
0 0.218750 0.575721 0.067308 0.088942
0 0.424279 0.584135 0.079327 0.091346
0 0.604567 0.643029 0.084135 0.093750
0 0.743990 0.608173 0.079327 0.081731
0 0.725962 0.453125 0.091346 0.084135
0 0.538462 0.414663 0.096154 0.088942
0 0.326923 0.483173 0.086538 0.081731
0 0.361779 0.358173 0.064904 0.086538
0 0.222356 0.250000 0.064904 0.057692
0 0.292067 0.211538 0.055288 0.057692
0 0.349760 0.233173 0.060096 0.072115
0 0.449519 0.227163 0.076923 0.069712
0 0.562500 0.253606 0.076923 0.074519
0 0.635817 0.236779 0.060096 0.069712
0 0.711538 0.280048 0.062500 0.069712
0 0.643029 0.348558 0.079327 0.067308
