0 0.141827 0.483173 0.072115 0.076923
0 0.222356 0.580529 0.084135 0.084135
0 0.424279 0.585337 0.088942 0.093750
0 0.593750 0.633413 0.105769 0.103365
0 0.735577 0.608173 0.091346 0.091346
0 0.717548 0.453125 0.098558 0.088942
0 0.536058 0.412260 0.105769 0.088942
0 0.641827 0.353365 0.081731 0.076923
0 0.365385 0.355769 0.076923 0.072115
0 0.335337 0.479567 0.093750 0.079327
0 0.221154 0.425481 0.072115 0.072115
0 0.187500 0.338942 0.067308 0.062500
0 0.224760 0.251202 0.064904 0.060096
0 0.286058 0.203125 0.067308 0.050481
0 0.353365 0.234375 0.062500 0.069712
0 0.448317 0.227163 0.069712 0.069712
0 0.562500 0.252404 0.076923 0.067308
0 0.635817 0.236779 0.060096 0.064904
0 0.710337 0.280048 0.060096 0.060096
