0 0.608173 0.645433 0.076923 0.074519
0 0.754808 0.610577 0.062500 0.067308
0 0.736779 0.445913 0.069712 0.064904
0 0.543269 0.408654 0.072115 0.067308
0 0.647837 0.349760 0.069712 0.064904
0 0.711538 0.280048 0.048077 0.055288
0 0.638221 0.233173 0.055288 0.057692
0 0.572115 0.251202 0.067308 0.060096
0 0.451923 0.215144 0.057692 0.050481
0 0.356971 0.230769 0.064904 0.048077
0 0.287260 0.201923 0.055288 0.043269
0 0.219952 0.250000 0.045673 0.043269
0 0.187500 0.337740 0.057692 0.050481
0 0.361779 0.346154 0.060096 0.062500
0 0.423077 0.590144 0.076923 0.074519
0 0.211538 0.580529 0.062500 0.069712
0 0.323317 0.474760 0.069712 0.074519
0 0.216346 0.424279 0.057692 0.060096
0 0.134615 0.481971 0.057692 0.069712
