0 0.419471 0.590144 0.069712 0.069712
0 0.614183 0.647837 0.064904 0.069712
0 0.750000 0.609375 0.057692 0.069712
0 0.739183 0.444712 0.060096 0.067308
0 0.646635 0.346154 0.062500 0.067308
0 0.711538 0.277644 0.057692 0.050481
0 0.634615 0.231971 0.048077 0.050481
0 0.568510 0.248798 0.060096 0.060096
0 0.544471 0.406250 0.064904 0.072115
0 0.448317 0.217548 0.060096 0.050481
0 0.350962 0.227163 0.057692 0.045673
0 0.365385 0.353365 0.067308 0.062500
0 0.320913 0.475962 0.064904 0.076923
0 0.210337 0.580529 0.064904 0.064904
0 0.135817 0.480769 0.055288 0.062500
0 0.221154 0.425481 0.062500 0.062500
0 0.185096 0.338942 0.048077 0.062500
0 0.283654 0.311298 0.057692 0.060096
0 0.222356 0.247596 0.050481 0.048077
0 0.294471 0.206731 0.045673 0.043269
