0 0.223558 0.578125 0.076923 0.084135
0 0.425481 0.588942 0.086538 0.091346
0 0.599760 0.640625 0.088942 0.093750
0 0.751202 0.611779 0.079327 0.069712
0 0.734375 0.447115 0.069712 0.067308
0 0.537260 0.413462 0.079327 0.076923
0 0.324519 0.478365 0.081731 0.072115
0 0.137019 0.481971 0.062500 0.069712
0 0.218750 0.423077 0.072115 0.072115
0 0.643029 0.349760 0.079327 0.069712
0 0.711538 0.278846 0.062500 0.057692
0 0.633413 0.229567 0.060096 0.064904
0 0.567308 0.253606 0.076923 0.064904
0 0.448317 0.217548 0.064904 0.060096
0 0.364183 0.350962 0.074519 0.067308
0 0.286058 0.313702 0.067308 0.069712
0 0.189904 0.340144 0.067308 0.069712
0 0.218750 0.247596 0.062500 0.052885
0 0.292067 0.206731 0.060096 0.048077
0 0.356971 0.227163 0.069712 0.060096
