0 0.293269 0.205529 0.062500 0.045673
0 0.350962 0.231971 0.057692 0.050481
0 0.449519 0.221154 0.081731 0.057692
0 0.562500 0.248798 0.067308 0.064904
0 0.633413 0.233173 0.064904 0.057692
0 0.711538 0.275240 0.062500 0.060096
0 0.643029 0.349760 0.079327 0.064904
0 0.730769 0.442308 0.081731 0.076923
0 0.746394 0.603365 0.079327 0.086538
0 0.620192 0.525240 0.086538 0.079327
0 0.604567 0.641827 0.084135 0.086538
0 0.426683 0.579327 0.088942 0.086538
0 0.542067 0.412260 0.084135 0.079327
0 0.216346 0.579327 0.067308 0.072115
0 0.328125 0.477163 0.079327 0.074519
0 0.141827 0.485577 0.057692 0.067308
0 0.225962 0.424279 0.072115 0.064904
0 0.366587 0.355769 0.069712 0.072115
0 0.286058 0.316106 0.067308 0.064904
0 0.192308 0.337740 0.067308 0.060096
0 0.219952 0.247596 0.055288 0.052885
