0 0.222356 0.248798 0.055288 0.055288
0 0.186298 0.341346 0.069712 0.067308
0 0.139423 0.481971 0.052885 0.069712
0 0.218750 0.580529 0.072115 0.074519
0 0.417067 0.585337 0.074519 0.088942
0 0.604567 0.645433 0.084135 0.079327
0 0.740385 0.605769 0.076923 0.076923
0 0.612981 0.522837 0.091346 0.079327
0 0.737981 0.451923 0.067308 0.072115
0 0.534856 0.408654 0.084135 0.076923
0 0.328125 0.474760 0.084135 0.064904
0 0.222356 0.426683 0.064904 0.064904
0 0.365385 0.353365 0.067308 0.072115
0 0.284856 0.316106 0.069712 0.069712
0 0.294471 0.206731 0.055288 0.048077
0 0.352163 0.233173 0.064904 0.067308
0 0.444712 0.223558 0.067308 0.062500
0 0.562500 0.245192 0.072115 0.062500
0 0.633413 0.233173 0.060096 0.057692
0 0.711538 0.277644 0.057692 0.060096
0 0.641827 0.350962 0.072115 0.067308
