0 0.138221 0.483173 0.060096 0.062500
0 0.221154 0.580529 0.067308 0.079327
0 0.421875 0.585337 0.069712 0.084135
0 0.602163 0.641827 0.084135 0.091346
0 0.742788 0.608173 0.072115 0.072115
0 0.616587 0.530048 0.084135 0.079327
0 0.731971 0.453125 0.069712 0.069712
0 0.543269 0.413462 0.067308 0.076923
0 0.330529 0.481971 0.079327 0.074519
0 0.225962 0.425481 0.076923 0.067308
0 0.192308 0.342548 0.062500 0.060096
0 0.287260 0.317308 0.074519 0.067308
0 0.367788 0.360577 0.091346 0.072115
0 0.471154 0.318510 0.076923 0.069712
0 0.646635 0.354567 0.076923 0.074519
0 0.711538 0.283654 0.067308 0.062500
0 0.566106 0.256010 0.069712 0.069712
0 0.633413 0.237981 0.064904 0.062500
0 0.449519 0.227163 0.067308 0.069712
0 0.358173 0.235577 0.062500 0.062500
0 0.294471 0.211538 0.050481 0.052885
0 0.224760 0.245192 0.060096 0.052885
