0 0.218750 0.251202 0.052885 0.060096
0 0.186298 0.340144 0.060096 0.069712
0 0.134615 0.481971 0.052885 0.069712
0 0.221154 0.578125 0.072115 0.074519
0 0.420673 0.585337 0.072115 0.084135
0 0.603365 0.641827 0.091346 0.086538
0 0.751202 0.610577 0.069712 0.072115
0 0.615385 0.526442 0.086538 0.081731
0 0.727163 0.449519 0.079327 0.072115
0 0.539663 0.414663 0.084135 0.084135
0 0.331731 0.477163 0.086538 0.074519
0 0.228365 0.429087 0.072115 0.069712
0 0.361779 0.360577 0.069712 0.067308
0 0.469952 0.318510 0.074519 0.069712
0 0.639423 0.352163 0.076923 0.069712
0 0.713942 0.280048 0.067308 0.064904
0 0.632212 0.237981 0.057692 0.062500
0 0.566106 0.252404 0.064904 0.067308
0 0.449519 0.223558 0.072115 0.052885
0 0.282452 0.317308 0.055288 0.057692
0 0.354567 0.236779 0.060096 0.060096
0 0.295673 0.210337 0.048077 0.045673
