0 0.423077 0.585337 0.076923 0.079327
0 0.598558 0.640625 0.086538 0.084135
0 0.750000 0.609375 0.057692 0.074519
0 0.617788 0.531250 0.081731 0.067308
0 0.731971 0.453125 0.064904 0.079327
0 0.224760 0.580529 0.079327 0.069712
0 0.329327 0.481971 0.072115 0.074519
0 0.224760 0.425481 0.064904 0.067308
0 0.138221 0.481971 0.055288 0.069712
0 0.539663 0.414663 0.074519 0.079327
0 0.360577 0.360577 0.067308 0.072115
0 0.469952 0.322115 0.074519 0.072115
0 0.643029 0.348558 0.069712 0.067308
0 0.729567 0.365385 0.069712 0.067308
0 0.711538 0.278846 0.057692 0.057692
0 0.635817 0.237981 0.060096 0.057692
0 0.567308 0.251202 0.062500 0.064904
0 0.449519 0.221154 0.062500 0.062500
0 0.353365 0.235577 0.062500 0.052885
0 0.299279 0.210337 0.060096 0.050481
0 0.223558 0.253606 0.052885 0.050481
0 0.280048 0.314904 0.060096 0.057692
0 0.188702 0.341346 0.069712 0.062500
